4.23286
4.23286
4.23286
4.24849
4.24849
4.24849
4.26357
4.26357
4.26357
4.27907
4.27907
4.27907
4.29409
4.29409
4.29409
4.28311
4.28311
4.28311
4.29875
4.29875
4.29875
4.31383
4.31383
4.31383
4.32934
4.32934
4.32934
4.34436
4.34436
4.34436
4.35339
4.35339
4.35339
4.36902
4.36902
4.36902
4.38411
4.38411
4.38411
4.39962
4.39962
4.39962
4.41464
4.41464
4.41464
4.37631
4.37631
4.37631
4.39194
4.39194
4.39194
4.40702
4.40702
4.40702
4.42253
4.42253
4.42253
4.43754
4.43754
4.43754
4.42656
4.42656
4.42656
4.4422
4.4422
4.4422
4.45728
4.45728
4.45728
4.47279
4.47279
4.47279
4.48781
4.48781
4.48781
4.49684
4.49684
4.49684
4.51248
4.51248
4.51248
4.52756
4.52756
4.52756
4.54308
4.54308
4.54308
4.5581
4.5581
4.5581
4.67507
4.67507
4.67507
4.6907
4.6907
4.6907
4.70577
4.70577
4.70577
4.72128
4.72128
4.72128
4.73629
4.73629
4.73629
4.72532
4.72532
4.72532
4.74095
4.74095
4.74095
4.75603
4.75603
4.75603
4.77155
4.77155
4.77155
4.78656
4.78656
4.78656
4.79559
4.79559
4.79559
4.81123
4.81123
4.81123
4.82631
4.82631
4.82631
4.84183
4.84183
4.84183
4.85685
4.85685
4.85685
5.08996
5.08996
5.08996
5.10559
5.10559
5.10559
5.12066
5.12066
5.12066
5.13617
5.13617
5.13617
5.15118
5.15118
5.15118
5.14021
5.14021
5.14021
5.15584
5.15584
5.15584
5.17092
5.17092
5.17092
5.18644
5.18644
5.18644
5.20146
5.20146
5.20146
5.21048
5.21048
5.21048
5.22612
5.22612
5.22612
5.2412
5.2412
5.2412
5.25672
5.25672
5.25672
5.27174
5.27174
5.27174
4.35128
4.35128
4.35128
4.36691
4.36691
4.36691
4.38198
4.38198
4.38198
4.39749
4.39749
4.39749
4.4125
4.4125
4.4125
4.40153
4.40153
4.40153
4.41716
4.41716
4.41716
4.43224
4.43224
4.43224
4.44776
4.44776
4.44776
4.46277
4.46277
4.46277
4.4718
4.4718
4.4718
4.48744
4.48744
4.48744
4.50252
4.50252
4.50252
4.51804
4.51804
4.51804
4.53306
4.53306
4.53306
4.61543
4.61543
4.61543
4.63106
4.63106
4.63106
4.64614
4.64614
4.64614
4.66164
4.66164
4.66164
4.67666
4.67666
4.67666
4.66568
4.66568
4.66568
4.68132
4.68132
4.68132
4.6964
4.6964
4.6964
4.71191
4.71191
4.71191
4.72693
4.72693
4.72693
4.73596
4.73596
4.73596
4.75159
4.75159
4.75159
4.76668
4.76668
4.76668
4.78219
4.78219
4.78219
4.79721
4.79721
4.79721
5.08639
5.08639
5.08639
5.10202
5.10202
5.10202
5.11709
5.11709
5.11709
5.1326
5.1326
5.1326
5.14761
5.14761
5.14761
5.13664
5.13664
5.13664
5.15227
5.15227
5.15227
5.16735
5.16735
5.16735
5.18287
5.18287
5.18287
5.19789
5.19789
5.19789
5.20691
5.20691
5.20691
5.22255
5.22255
5.22255
5.23763
5.23763
5.23763
5.25315
5.25315
5.25315
5.26817
5.26817
5.26817
6.16055
6.16055
6.16055
6.17618
6.17618
6.17618
6.19126
6.19126
6.19126
6.20677
6.20677
6.20677
6.22178
6.22178
6.22178
6.2108
6.2108
6.2108
6.22644
6.22644
6.22644
6.24152
6.24152
6.24152
6.25703
6.25703
6.25703
6.27205
6.27205
6.27205
6.28108
6.28108
6.28108
6.29672
6.29672
6.29672
6.3118
6.3118
6.3118
6.32732
6.32732
6.32732
6.34234
6.34234
6.34234
4.62047
4.62047
4.62047
4.6361
4.6361
4.6361
4.65118
4.65118
4.65118
4.66669
4.66669
4.66669
4.6817
4.6817
4.6817
4.67072
4.67072
4.67072
4.68636
4.68636
4.68636
4.70144
4.70144
4.70144
4.71695
4.71695
4.71695
4.73197
4.73197
4.73197
4.741
4.741
4.741
4.75664
4.75664
4.75664
4.77172
4.77172
4.77172
4.78724
4.78724
4.78724
4.80226
4.80226
4.80226
4.98962
4.98962
4.98962
5.00525
5.00525
5.00525
5.02033
5.02033
5.02033
5.03583
5.03583
5.03583
5.05085
5.05085
5.05085
5.03987
5.03987
5.03987
5.05551
5.05551
5.05551
5.07059
5.07059
5.07059
5.0861
5.0861
5.0861
5.10112
5.10112
5.10112
5.11015
5.11015
5.11015
5.12578
5.12578
5.12578
5.14087
5.14087
5.14087
5.15638
5.15638
5.15638
5.1714
5.1714
5.1714
5.81797
5.81797
5.81797
5.8336
5.8336
5.8336
5.84867
5.84867
5.84867
5.86418
5.86418
5.86418
5.8792
5.8792
5.8792
5.86822
5.86822
5.86822
5.88385
5.88385
5.88385
5.89893
5.89893
5.89893
5.91445
5.91445
5.91445
5.92947
5.92947
5.92947
5.93849
5.93849
5.93849
5.95413
5.95413
5.95413
5.96922
5.96922
5.96922
5.98473
5.98473
5.98473
5.99975
5.99975
5.99975
7.39675
7.39675
7.39675
7.41238
7.41238
7.41238
7.42746
7.42746
7.42746
7.44296
7.44296
7.44296
7.45798
7.45798
7.45798
7.447
7.447
7.447
7.46263
7.46263
7.46263
7.47772
7.47772
7.47772
7.49323
7.49323
7.49323
7.50825
7.50825
7.50825
7.51728
7.51728
7.51728
7.53291
7.53291
7.53291
7.548
7.548
7.548
7.56351
7.56351
7.56351
7.57853
7.57853
7.57853
4.98001
4.98001
4.98001
4.99564
4.99564
4.99564
5.01071
5.01071
5.01071
5.02622
5.02622
5.02622
5.04124
5.04124
5.04124
5.03026
5.03026
5.03026
5.04589
5.04589
5.04589
5.06097
5.06097
5.06097
5.07649
5.07649
5.07649
5.09151
5.09151
5.09151
5.10053
5.10053
5.10053
5.11617
5.11617
5.11617
5.13126
5.13126
5.13126
5.14677
5.14677
5.14677
5.16179
5.16179
5.16179
5.7781
5.7781
5.7781
5.79373
5.79373
5.79373
5.8088
5.8088
5.8088
5.82431
5.82431
5.82431
5.83933
5.83933
5.83933
5.82835
5.82835
5.82835
5.84398
5.84398
5.84398
5.85907
5.85907
5.85907
5.87458
5.87458
5.87458
5.8896
5.8896
5.8896
5.89862
5.89862
5.89862
5.91426
5.91426
5.91426
5.92935
5.92935
5.92935
5.94486
5.94486
5.94486
5.95988
5.95988
5.95988
7.03606
7.03606
7.03606
7.05169
7.05169
7.05169
7.06676
7.06676
7.06676
7.08227
7.08227
7.08227
7.09728
7.09728
7.09728
7.08631
7.08631
7.08631
7.10194
7.10194
7.10194
7.11702
7.11702
7.11702
7.13254
7.13254
7.13254
7.14755
7.14755
7.14755
7.15658
7.15658
7.15658
7.17222
7.17222
7.17222
7.1873
7.1873
7.1873
7.20282
7.20282
7.20282
7.21784
7.21784
7.21784
4.30418
4.30418
4.30418
4.31981
4.31981
4.31981
4.33489
4.33489
4.33489
4.3504
4.3504
4.3504
4.36541
4.36541
4.36541
4.35444
4.35444
4.35444
4.37007
4.37007
4.37007
4.38515
4.38515
4.38515
4.40066
4.40066
4.40066
4.41568
4.41568
4.41568
4.42471
4.42471
4.42471
4.44035
4.44035
4.44035
4.45543
4.45543
4.45543
4.47095
4.47095
4.47095
4.48597
4.48597
4.48597
4.44764
4.44764
4.44764
4.46327
4.46327
4.46327
4.47834
4.47834
4.47834
4.49385
4.49385
4.49385
4.50887
4.50887
4.50887
4.49789
4.49789
4.49789
4.51352
4.51352
4.51352
4.5286
4.5286
4.5286
4.54412
4.54412
4.54412
4.55914
4.55914
4.55914
4.56816
4.56816
4.56816
4.5838
4.5838
4.5838
4.59889
4.59889
4.59889
4.6144
4.6144
4.6144
4.62942
4.62942
4.62942
4.74639
4.74639
4.74639
4.76202
4.76202
4.76202
4.7771
4.7771
4.7771
4.7926
4.7926
4.7926
4.80762
4.80762
4.80762
4.79664
4.79664
4.79664
4.81228
4.81228
4.81228
4.82736
4.82736
4.82736
4.84287
4.84287
4.84287
4.85789
4.85789
4.85789
4.86692
4.86692
4.86692
4.88255
4.88255
4.88255
4.89764
4.89764
4.89764
4.91315
4.91315
4.91315
4.92818
4.92818
4.92818
5.16128
5.16128
5.16128
5.17691
5.17691
5.17691
5.19199
5.19199
5.19199
5.20749
5.20749
5.20749
5.22251
5.22251
5.22251
5.21153
5.21153
5.21153
5.22717
5.22717
5.22717
5.24225
5.24225
5.24225
5.25776
5.25776
5.25776
5.27278
5.27278
5.27278
5.28181
5.28181
5.28181
5.29744
5.29744
5.29744
5.31253
5.31253
5.31253
5.32804
5.32804
5.32804
5.34307
5.34307
5.34307
4.4226
4.4226
4.4226
4.43823
4.43823
4.43823
4.45331
4.45331
4.45331
4.46881
4.46881
4.46881
4.48383
4.48383
4.48383
4.47285
4.47285
4.47285
4.48849
4.48849
4.48849
4.50357
4.50357
4.50357
4.51908
4.51908
4.51908
4.5341
4.5341
4.5341
4.54313
4.54313
4.54313
4.55876
4.55876
4.55876
4.57385
4.57385
4.57385
4.58936
4.58936
4.58936
4.60439
4.60439
4.60439
4.68676
4.68676
4.68676
4.70239
4.70239
4.70239
4.71746
4.71746
4.71746
4.73297
4.73297
4.73297
4.74798
4.74798
4.74798
4.73701
4.73701
4.73701
4.75264
4.75264
4.75264
4.76772
4.76772
4.76772
4.78323
4.78323
4.78323
4.79825
4.79825
4.79825
4.80728
4.80728
4.80728
4.82292
4.82292
4.82292
4.838
4.838
4.838
4.85352
4.85352
4.85352
4.86854
4.86854
4.86854
5.15771
5.15771
5.15771
5.17334
5.17334
5.17334
5.18842
5.18842
5.18842
5.20392
5.20392
5.20392
5.21894
5.21894
5.21894
5.20796
5.20796
5.20796
5.2236
5.2236
5.2236
5.23868
5.23868
5.23868
5.25419
5.25419
5.25419
5.26921
5.26921
5.26921
5.27824
5.27824
5.27824
5.29388
5.29388
5.29388
5.30896
5.30896
5.30896
5.32447
5.32447
5.32447
5.3395
5.3395
5.3395
6.23188
6.23188
6.23188
6.24751
6.24751
6.24751
6.26258
6.26258
6.26258
6.27809
6.27809
6.27809
6.29311
6.29311
6.29311
6.28213
6.28213
6.28213
6.29776
6.29776
6.29776
6.31284
6.31284
6.31284
6.32836
6.32836
6.32836
6.34338
6.34338
6.34338
6.3524
6.3524
6.3524
6.36804
6.36804
6.36804
6.38312
6.38312
6.38312
6.39864
6.39864
6.39864
6.41366
6.41366
6.41366
4.6918
4.6918
4.6918
4.70743
4.70743
4.70743
4.7225
4.7225
4.7225
4.73801
4.73801
4.73801
4.75303
4.75303
4.75303
4.74205
4.74205
4.74205
4.75768
4.75768
4.75768
4.77277
4.77277
4.77277
4.78828
4.78828
4.78828
4.8033
4.8033
4.8033
4.81232
4.81232
4.81232
4.82796
4.82796
4.82796
4.84305
4.84305
4.84305
4.85856
4.85856
4.85856
4.87358
4.87358
4.87358
5.06094
5.06094
5.06094
5.07657
5.07657
5.07657
5.09165
5.09165
5.09165
5.10716
5.10716
5.10716
5.12217
5.12217
5.12217
5.1112
5.1112
5.1112
5.12683
5.12683
5.12683
5.14191
5.14191
5.14191
5.15742
5.15742
5.15742
5.17244
5.17244
5.17244
5.18147
5.18147
5.18147
5.19711
5.19711
5.19711
5.21219
5.21219
5.21219
5.22771
5.22771
5.22771
5.24273
5.24273
5.24273
5.88929
5.88929
5.88929
5.90492
5.90492
5.90492
5.92
5.92
5.92
5.93551
5.93551
5.93551
5.95052
5.95052
5.95052
5.93954
5.93954
5.93954
5.95518
5.95518
5.95518
5.97026
5.97026
5.97026
5.98577
5.98577
5.98577
6.00079
6.00079
6.00079
6.00982
6.00982
6.00982
6.02546
6.02546
6.02546
6.04054
6.04054
6.04054
6.05606
6.05606
6.05606
6.07108
6.07108
6.07108
7.46807
7.46807
7.46807
7.4837
7.4837
7.4837
7.49878
7.49878
7.49878
7.51429
7.51429
7.51429
7.5293
7.5293
7.5293
7.51832
7.51832
7.51832
7.53396
7.53396
7.53396
7.54904
7.54904
7.54904
7.56455
7.56455
7.56455
7.57957
7.57957
7.57957
7.5886
7.5886
7.5886
7.60424
7.60424
7.60424
7.61932
7.61932
7.61932
7.63484
7.63484
7.63484
7.64986
7.64986
7.64986
5.05133
5.05133
5.05133
5.06696
5.06696
5.06696
5.08204
5.08204
5.08204
5.09755
5.09755
5.09755
5.11256
5.11256
5.11256
5.10158
5.10158
5.10158
5.11722
5.11722
5.11722
5.1323
5.1323
5.1323
5.14781
5.14781
5.14781
5.16283
5.16283
5.16283
5.17186
5.17186
5.17186
5.1875
5.1875
5.1875
5.20258
5.20258
5.20258
5.2181
5.2181
5.2181
5.23312
5.23312
5.23312
5.84942
5.84942
5.84942
5.86505
5.86505
5.86505
5.88013
5.88013
5.88013
5.89564
5.89564
5.89564
5.91065
5.91065
5.91065
5.89967
5.89967
5.89967
5.91531
5.91531
5.91531
5.93039
5.93039
5.93039
5.9459
5.9459
5.9459
5.96092
5.96092
5.96092
5.96995
5.96995
5.96995
5.98559
5.98559
5.98559
6.00067
6.00067
6.00067
6.01619
6.01619
6.01619
6.03121
6.03121
6.03121
7.10738
7.10738
7.10738
7.12301
7.12301
7.12301
7.13809
7.13809
7.13809
7.15359
7.15359
7.15359
7.16861
7.16861
7.16861
7.15763
7.15763
7.15763
7.17327
7.17327
7.17327
7.18835
7.18835
7.18835
7.20386
7.20386
7.20386
7.21888
7.21888
7.21888
7.22791
7.22791
7.22791
7.24354
7.24354
7.24354
7.25863
7.25863
7.25863
7.27414
7.27414
7.27414
7.28917
7.28917
7.28917
4.44781
4.44781
4.44781
4.46344
4.46344
4.46344
4.47852
4.47852
4.47852
4.49402
4.49402
4.49402
4.50904
4.50904
4.50904
4.49806
4.49806
4.49806
4.51369
4.51369
4.51369
4.52878
4.52878
4.52878
4.54429
4.54429
4.54429
4.55931
4.55931
4.55931
4.56834
4.56834
4.56834
4.58397
4.58397
4.58397
4.59906
4.59906
4.59906
4.61457
4.61457
4.61457
4.62959
4.62959
4.62959
4.59126
4.59126
4.59126
4.60689
4.60689
4.60689
4.62197
4.62197
4.62197
4.63748
4.63748
4.63748
4.65249
4.65249
4.65249
4.64151
4.64151
4.64151
4.65715
4.65715
4.65715
4.67223
4.67223
4.67223
4.68774
4.68774
4.68774
4.70276
4.70276
4.70276
4.71179
4.71179
4.71179
4.72743
4.72743
4.72743
4.74251
4.74251
4.74251
4.75802
4.75802
4.75802
4.77305
4.77305
4.77305
4.89002
4.89002
4.89002
4.90565
4.90565
4.90565
4.92072
4.92072
4.92072
4.93623
4.93623
4.93623
4.95124
4.95124
4.95124
4.94027
4.94027
4.94027
4.9559
4.9559
4.9559
4.97098
4.97098
4.97098
4.98649
4.98649
4.98649
5.00151
5.00151
5.00151
5.01054
5.01054
5.01054
5.02618
5.02618
5.02618
5.04126
5.04126
5.04126
5.05678
5.05678
5.05678
5.0718
5.0718
5.0718
5.30491
5.30491
5.30491
5.32054
5.32054
5.32054
5.33561
5.33561
5.33561
5.35112
5.35112
5.35112
5.36613
5.36613
5.36613
5.35516
5.35516
5.35516
5.37079
5.37079
5.37079
5.38587
5.38587
5.38587
5.40139
5.40139
5.40139
5.4164
5.4164
5.4164
5.42543
5.42543
5.42543
5.44107
5.44107
5.44107
5.45615
5.45615
5.45615
5.47167
5.47167
5.47167
5.48669
5.48669
5.48669
4.56623
4.56623
4.56623
4.58186
4.58186
4.58186
4.59693
4.59693
4.59693
4.61244
4.61244
4.61244
4.62745
4.62745
4.62745
4.61648
4.61648
4.61648
4.63211
4.63211
4.63211
4.64719
4.64719
4.64719
4.6627
4.6627
4.6627
4.67772
4.67772
4.67772
4.68675
4.68675
4.68675
4.70239
4.70239
4.70239
4.71747
4.71747
4.71747
4.73299
4.73299
4.73299
4.74801
4.74801
4.74801
4.83038
4.83038
4.83038
4.84601
4.84601
4.84601
4.86109
4.86109
4.86109
4.87659
4.87659
4.87659
4.89161
4.89161
4.89161
4.88063
4.88063
4.88063
4.89627
4.89627
4.89627
4.91135
4.91135
4.91135
4.92686
4.92686
4.92686
4.94188
4.94188
4.94188
4.95091
4.95091
4.95091
4.96654
4.96654
4.96654
4.98163
4.98163
4.98163
4.99714
4.99714
4.99714
5.01216
5.01216
5.01216
5.30134
5.30134
5.30134
5.31697
5.31697
5.31697
5.33204
5.33204
5.33204
5.34755
5.34755
5.34755
5.36256
5.36256
5.36256
5.35159
5.35159
5.35159
5.36722
5.36722
5.36722
5.3823
5.3823
5.3823
5.39782
5.39782
5.39782
5.41283
5.41283
5.41283
5.42186
5.42186
5.42186
5.4375
5.4375
5.4375
5.45258
5.45258
5.45258
5.4681
5.4681
5.4681
5.48312
5.48312
5.48312
6.3755
6.3755
6.3755
6.39113
6.39113
6.39113
6.40621
6.40621
6.40621
6.42172
6.42172
6.42172
6.43673
6.43673
6.43673
6.42575
6.42575
6.42575
6.44139
6.44139
6.44139
6.45647
6.45647
6.45647
6.47198
6.47198
6.47198
6.487
6.487
6.487
6.49603
6.49603
6.49603
6.51167
6.51167
6.51167
6.52675
6.52675
6.52675
6.54226
6.54226
6.54226
6.55729
6.55729
6.55729
4.83542
4.83542
4.83542
4.85105
4.85105
4.85105
4.86613
4.86613
4.86613
4.88164
4.88164
4.88164
4.89665
4.89665
4.89665
4.88567
4.88567
4.88567
4.90131
4.90131
4.90131
4.91639
4.91639
4.91639
4.9319
4.9319
4.9319
4.94692
4.94692
4.94692
4.95595
4.95595
4.95595
4.97159
4.97159
4.97159
4.98667
4.98667
4.98667
5.00219
5.00219
5.00219
5.01721
5.01721
5.01721
5.20457
5.20457
5.20457
5.2202
5.2202
5.2202
5.23528
5.23528
5.23528
5.25078
5.25078
5.25078
5.2658
5.2658
5.2658
5.25482
5.25482
5.25482
5.27045
5.27045
5.27045
5.28554
5.28554
5.28554
5.30105
5.30105
5.30105
5.31607
5.31607
5.31607
5.3251
5.3251
5.3251
5.34073
5.34073
5.34073
5.35582
5.35582
5.35582
5.37133
5.37133
5.37133
5.38635
5.38635
5.38635
6.03292
6.03292
6.03292
6.04855
6.04855
6.04855
6.06362
6.06362
6.06362
6.07913
6.07913
6.07913
6.09415
6.09415
6.09415
6.08317
6.08317
6.08317
6.0988
6.0988
6.0988
6.11388
6.11388
6.11388
6.1294
6.1294
6.1294
6.14442
6.14442
6.14442
6.15344
6.15344
6.15344
6.16908
6.16908
6.16908
6.18416
6.18416
6.18416
6.19968
6.19968
6.19968
6.2147
6.2147
6.2147
7.6117
7.6117
7.6117
7.62733
7.62733
7.62733
7.6424
7.6424
7.6424
7.65791
7.65791
7.65791
7.67293
7.67293
7.67293
7.66195
7.66195
7.66195
7.67758
7.67758
7.67758
7.69267
7.69267
7.69267
7.70818
7.70818
7.70818
7.7232
7.7232
7.7232
7.73222
7.73222
7.73222
7.74786
7.74786
7.74786
7.76295
7.76295
7.76295
7.77846
7.77846
7.77846
7.79348
7.79348
7.79348
5.19496
5.19496
5.19496
5.21059
5.21059
5.21059
5.22566
5.22566
5.22566
5.24117
5.24117
5.24117
5.25619
5.25619
5.25619
5.24521
5.24521
5.24521
5.26084
5.26084
5.26084
5.27592
5.27592
5.27592
5.29144
5.29144
5.29144
5.30646
5.30646
5.30646
5.31548
5.31548
5.31548
5.33112
5.33112
5.33112
5.3462
5.3462
5.3462
5.36172
5.36172
5.36172
5.37674
5.37674
5.37674
5.99305
5.99305
5.99305
6.00868
6.00868
6.00868
6.02375
6.02375
6.02375
6.03926
6.03926
6.03926
6.05428
6.05428
6.05428
6.0433
6.0433
6.0433
6.05893
6.05893
6.05893
6.07401
6.07401
6.07401
6.08953
6.08953
6.08953
6.10455
6.10455
6.10455
6.11357
6.11357
6.11357
6.12921
6.12921
6.12921
6.1443
6.1443
6.1443
6.15981
6.15981
6.15981
6.17483
6.17483
6.17483
7.25101
7.25101
7.25101
7.26664
7.26664
7.26664
7.28171
7.28171
7.28171
7.29722
7.29722
7.29722
7.31223
7.31223
7.31223
7.30126
7.30126
7.30126
7.31689
7.31689
7.31689
7.33197
7.33197
7.33197
7.34748
7.34748
7.34748
7.3625
7.3625
7.3625
7.37153
7.37153
7.37153
7.38717
7.38717
7.38717
7.40225
7.40225
7.40225
7.41777
7.41777
7.41777
7.43279
7.43279
7.43279
5.34021
5.34021
5.34021
5.35584
5.35584
5.35584
5.37092
5.37092
5.37092
5.38642
5.38642
5.38642
5.40144
5.40144
5.40144
5.39046
5.39046
5.39046
5.4061
5.4061
5.4061
5.42118
5.42118
5.42118
5.43669
5.43669
5.43669
5.45171
5.45171
5.45171
5.46074
5.46074
5.46074
5.47637
5.47637
5.47637
5.49146
5.49146
5.49146
5.50697
5.50697
5.50697
5.522
5.522
5.522
5.48366
5.48366
5.48366
5.49929
5.49929
5.49929
5.51437
5.51437
5.51437
5.52988
5.52988
5.52988
5.54489
5.54489
5.54489
5.53391
5.53391
5.53391
5.54955
5.54955
5.54955
5.56463
5.56463
5.56463
5.58014
5.58014
5.58014
5.59516
5.59516
5.59516
5.60419
5.60419
5.60419
5.61983
5.61983
5.61983
5.63491
5.63491
5.63491
5.65043
5.65043
5.65043
5.66545
5.66545
5.66545
5.78242
5.78242
5.78242
5.79805
5.79805
5.79805
5.81312
5.81312
5.81312
5.82863
5.82863
5.82863
5.84364
5.84364
5.84364
5.83267
5.83267
5.83267
5.8483
5.8483
5.8483
5.86338
5.86338
5.86338
5.8789
5.8789
5.8789
5.89392
5.89392
5.89392
5.90294
5.90294
5.90294
5.91858
5.91858
5.91858
5.93366
5.93366
5.93366
5.94918
5.94918
5.94918
5.9642
5.9642
5.9642
6.19731
6.19731
6.19731
6.21294
6.21294
6.21294
6.22801
6.22801
6.22801
6.24352
6.24352
6.24352
6.25854
6.25854
6.25854
6.24756
6.24756
6.24756
6.26319
6.26319
6.26319
6.27827
6.27827
6.27827
6.29379
6.29379
6.29379
6.30881
6.30881
6.30881
6.31783
6.31783
6.31783
6.33347
6.33347
6.33347
6.34855
6.34855
6.34855
6.36407
6.36407
6.36407
6.37909
6.37909
6.37909
5.45863
5.45863
5.45863
5.47426
5.47426
5.47426
5.48933
5.48933
5.48933
5.50484
5.50484
5.50484
5.51985
5.51985
5.51985
5.50888
5.50888
5.50888
5.52451
5.52451
5.52451
5.53959
5.53959
5.53959
5.55511
5.55511
5.55511
5.57013
5.57013
5.57013
5.57915
5.57915
5.57915
5.59479
5.59479
5.59479
5.60987
5.60987
5.60987
5.62539
5.62539
5.62539
5.64041
5.64041
5.64041
5.72278
5.72278
5.72278
5.73841
5.73841
5.73841
5.75349
5.75349
5.75349
5.76899
5.76899
5.76899
5.78401
5.78401
5.78401
5.77303
5.77303
5.77303
5.78867
5.78867
5.78867
5.80375
5.80375
5.80375
5.81926
5.81926
5.81926
5.83428
5.83428
5.83428
5.84331
5.84331
5.84331
5.85894
5.85894
5.85894
5.87403
5.87403
5.87403
5.88954
5.88954
5.88954
5.90457
5.90457
5.90457
6.19374
6.19374
6.19374
6.20937
6.20937
6.20937
6.22444
6.22444
6.22444
6.23995
6.23995
6.23995
6.25497
6.25497
6.25497
6.24399
6.24399
6.24399
6.25962
6.25962
6.25962
6.2747
6.2747
6.2747
6.29022
6.29022
6.29022
6.30524
6.30524
6.30524
6.31426
6.31426
6.31426
6.3299
6.3299
6.3299
6.34498
6.34498
6.34498
6.3605
6.3605
6.3605
6.37552
6.37552
6.37552
7.2679
7.2679
7.2679
7.28353
7.28353
7.28353
7.29861
7.29861
7.29861
7.31412
7.31412
7.31412
7.32913
7.32913
7.32913
7.31815
7.31815
7.31815
7.33379
7.33379
7.33379
7.34887
7.34887
7.34887
7.36438
7.36438
7.36438
7.3794
7.3794
7.3794
7.38843
7.38843
7.38843
7.40407
7.40407
7.40407
7.41915
7.41915
7.41915
7.43467
7.43467
7.43467
7.44969
7.44969
7.44969
5.72782
5.72782
5.72782
5.74345
5.74345
5.74345
5.75853
5.75853
5.75853
5.77404
5.77404
5.77404
5.78905
5.78905
5.78905
5.77808
5.77808
5.77808
5.79371
5.79371
5.79371
5.80879
5.80879
5.80879
5.8243
5.8243
5.8243
5.83932
5.83932
5.83932
5.84835
5.84835
5.84835
5.86399
5.86399
5.86399
5.87907
5.87907
5.87907
5.89459
5.89459
5.89459
5.90961
5.90961
5.90961
6.09697
6.09697
6.09697
6.1126
6.1126
6.1126
6.12768
6.12768
6.12768
6.14318
6.14318
6.14318
6.1582
6.1582
6.1582
6.14722
6.14722
6.14722
6.16286
6.16286
6.16286
6.17794
6.17794
6.17794
6.19345
6.19345
6.19345
6.20847
6.20847
6.20847
6.2175
6.2175
6.2175
6.23313
6.23313
6.23313
6.24822
6.24822
6.24822
6.26373
6.26373
6.26373
6.27876
6.27876
6.27876
6.92532
6.92532
6.92532
6.94095
6.94095
6.94095
6.95603
6.95603
6.95603
6.97153
6.97153
6.97153
6.98655
6.98655
6.98655
6.97557
6.97557
6.97557
6.99121
6.99121
6.99121
7.00629
7.00629
7.00629
7.0218
7.0218
7.0218
7.03682
7.03682
7.03682
7.04585
7.04585
7.04585
7.06148
7.06148
7.06148
7.07657
7.07657
7.07657
7.09208
7.09208
7.09208
7.1071
7.1071
7.1071
8.5041
8.5041
8.5041
8.51973
8.51973
8.51973
8.53481
8.53481
8.53481
8.55031
8.55031
8.55031
8.56533
8.56533
8.56533
8.55435
8.55435
8.55435
8.56999
8.56999
8.56999
8.58507
8.58507
8.58507
8.60058
8.60058
8.60058
8.6156
8.6156
8.6156
8.62463
8.62463
8.62463
8.64026
8.64026
8.64026
8.65535
8.65535
8.65535
8.67086
8.67086
8.67086
8.68589
8.68589
8.68589
6.08736
6.08736
6.08736
6.10299
6.10299
6.10299
6.11807
6.11807
6.11807
6.13357
6.13357
6.13357
6.14859
6.14859
6.14859
6.13761
6.13761
6.13761
6.15325
6.15325
6.15325
6.16833
6.16833
6.16833
6.18384
6.18384
6.18384
6.19886
6.19886
6.19886
6.20789
6.20789
6.20789
6.22352
6.22352
6.22352
6.23861
6.23861
6.23861
6.25412
6.25412
6.25412
6.26914
6.26914
6.26914
6.88545
6.88545
6.88545
6.90108
6.90108
6.90108
6.91616
6.91616
6.91616
6.93166
6.93166
6.93166
6.94668
6.94668
6.94668
6.9357
6.9357
6.9357
6.95134
6.95134
6.95134
6.96642
6.96642
6.96642
6.98193
6.98193
6.98193
6.99695
6.99695
6.99695
7.00598
7.00598
7.00598
7.02161
7.02161
7.02161
7.0367
7.0367
7.0367
7.05221
7.05221
7.05221
7.06723
7.06723
7.06723
8.14341
8.14341
8.14341
8.15904
8.15904
8.15904
8.17411
8.17411
8.17411
8.18962
8.18962
8.18962
8.20463
8.20463
8.20463
8.19366
8.19366
8.19366
8.20929
8.20929
8.20929
8.22437
8.22437
8.22437
8.23989
8.23989
8.23989
8.25491
8.25491
8.25491
8.26393
8.26393
8.26393
8.27957
8.27957
8.27957
8.29465
8.29465
8.29465
8.31017
8.31017
8.31017
8.32519
8.32519
8.32519
7.16234
7.16234
7.16234
7.17797
7.17797
7.17797
7.19305
7.19305
7.19305
7.20856
7.20856
7.20856
7.22357
7.22357
7.22357
7.21259
7.21259
7.21259
7.22823
7.22823
7.22823
7.24331
7.24331
7.24331
7.25882
7.25882
7.25882
7.27384
7.27384
7.27384
7.28287
7.28287
7.28287
7.29851
7.29851
7.29851
7.31359
7.31359
7.31359
7.32911
7.32911
7.32911
7.34413
7.34413
7.34413
7.3058
7.3058
7.3058
7.32143
7.32143
7.32143
7.3365
7.3365
7.3365
7.35201
7.35201
7.35201
7.36703
7.36703
7.36703
7.35605
7.35605
7.35605
7.37168
7.37168
7.37168
7.38676
7.38676
7.38676
7.40228
7.40228
7.40228
7.4173
7.4173
7.4173
7.42632
7.42632
7.42632
7.44196
7.44196
7.44196
7.45704
7.45704
7.45704
7.47256
7.47256
7.47256
7.48758
7.48758
7.48758
7.60455
7.60455
7.60455
7.62018
7.62018
7.62018
7.63526
7.63526
7.63526
7.65076
7.65076
7.65076
7.66578
7.66578
7.66578
7.6548
7.6548
7.6548
7.67044
7.67044
7.67044
7.68552
7.68552
7.68552
7.70103
7.70103
7.70103
7.71605
7.71605
7.71605
7.72508
7.72508
7.72508
7.74071
7.74071
7.74071
7.7558
7.7558
7.7558
7.77131
7.77131
7.77131
7.78633
7.78633
7.78633
8.01944
8.01944
8.01944
8.03507
8.03507
8.03507
8.05015
8.05015
8.05015
8.06565
8.06565
8.06565
8.08067
8.08067
8.08067
8.06969
8.06969
8.06969
8.08533
8.08533
8.08533
8.10041
8.10041
8.10041
8.11592
8.11592
8.11592
8.13094
8.13094
8.13094
8.13997
8.13997
8.13997
8.1556
8.1556
8.1556
8.17069
8.17069
8.17069
8.1862
8.1862
8.1862
8.20123
8.20123
8.20123
7.28076
7.28076
7.28076
7.29639
7.29639
7.29639
7.31147
7.31147
7.31147
7.32697
7.32697
7.32697
7.34199
7.34199
7.34199
7.33101
7.33101
7.33101
7.34665
7.34665
7.34665
7.36173
7.36173
7.36173
7.37724
7.37724
7.37724
7.39226
7.39226
7.39226
7.40129
7.40129
7.40129
7.41692
7.41692
7.41692
7.43201
7.43201
7.43201
7.44752
7.44752
7.44752
7.46254
7.46254
7.46254
7.54491
7.54491
7.54491
7.56054
7.56054
7.56054
7.57562
7.57562
7.57562
7.59113
7.59113
7.59113
7.60614
7.60614
7.60614
7.59516
7.59516
7.59516
7.6108
7.6108
7.6108
7.62588
7.62588
7.62588
7.64139
7.64139
7.64139
7.65641
7.65641
7.65641
7.66544
7.66544
7.66544
7.68108
7.68108
7.68108
7.69616
7.69616
7.69616
7.71168
7.71168
7.71168
7.7267
7.7267
7.7267
8.01587
8.01587
8.01587
8.0315
8.0315
8.0315
8.04658
8.04658
8.04658
8.06208
8.06208
8.06208
8.0771
8.0771
8.0771
8.06612
8.06612
8.06612
8.08176
8.08176
8.08176
8.09684
8.09684
8.09684
8.11235
8.11235
8.11235
8.12737
8.12737
8.12737
8.1364
8.1364
8.1364
8.15203
8.15203
8.15203
8.16712
8.16712
8.16712
8.18263
8.18263
8.18263
8.19766
8.19766
8.19766
9.09004
9.09004
9.09004
9.10567
9.10567
9.10567
9.12074
9.12074
9.12074
9.13625
9.13625
9.13625
9.15126
9.15126
9.15126
9.14029
9.14029
9.14029
9.15592
9.15592
9.15592
9.171
9.171
9.171
9.18652
9.18652
9.18652
9.20154
9.20154
9.20154
9.21056
9.21056
9.21056
9.2262
9.2262
9.2262
9.24128
9.24128
9.24128
9.2568
9.2568
9.2568
9.27182
9.27182
9.27182
7.54996
7.54996
7.54996
7.56559
7.56559
7.56559
7.58066
7.58066
7.58066
7.59617
7.59617
7.59617
7.61119
7.61119
7.61119
7.60021
7.60021
7.60021
7.61584
7.61584
7.61584
7.63092
7.63092
7.63092
7.64644
7.64644
7.64644
7.66146
7.66146
7.66146
7.67048
7.67048
7.67048
7.68612
7.68612
7.68612
7.70121
7.70121
7.70121
7.71672
7.71672
7.71672
7.73174
7.73174
7.73174
7.9191
7.9191
7.9191
7.93473
7.93473
7.93473
7.94981
7.94981
7.94981
7.96532
7.96532
7.96532
7.98033
7.98033
7.98033
7.96935
7.96935
7.96935
7.98499
7.98499
7.98499
8.00007
8.00007
8.00007
8.01558
8.01558
8.01558
8.0306
8.0306
8.0306
8.03963
8.03963
8.03963
8.05527
8.05527
8.05527
8.07035
8.07035
8.07035
8.08587
8.08587
8.08587
8.10089
8.10089
8.10089
8.74745
8.74745
8.74745
8.76308
8.76308
8.76308
8.77816
8.77816
8.77816
8.79367
8.79367
8.79367
8.80868
8.80868
8.80868
8.7977
8.7977
8.7977
8.81334
8.81334
8.81334
8.82842
8.82842
8.82842
8.84393
8.84393
8.84393
8.85895
8.85895
8.85895
8.86798
8.86798
8.86798
8.88362
8.88362
8.88362
8.8987
8.8987
8.8987
8.91422
8.91422
8.91422
8.92924
8.92924
8.92924
10.3262
10.3262
10.3262
10.3419
10.3419
10.3419
10.3569
10.3569
10.3569
10.3724
10.3724
10.3724
10.3875
10.3875
10.3875
10.3765
10.3765
10.3765
10.3921
10.3921
10.3921
10.4072
10.4072
10.4072
10.4227
10.4227
10.4227
10.4377
10.4377
10.4377
10.4468
10.4468
10.4468
10.4624
10.4624
10.4624
10.4775
10.4775
10.4775
10.493
10.493
10.493
10.508
10.508
10.508
7.90949
7.90949
7.90949
7.92512
7.92512
7.92512
7.9402
7.9402
7.9402
7.95571
7.95571
7.95571
7.97072
7.97072
7.97072
7.95974
7.95974
7.95974
7.97538
7.97538
7.97538
7.99046
7.99046
7.99046
8.00597
8.00597
8.00597
8.02099
8.02099
8.02099
8.03002
8.03002
8.03002
8.04566
8.04566
8.04566
8.06074
8.06074
8.06074
8.07626
8.07626
8.07626
8.09128
8.09128
8.09128
8.70758
8.70758
8.70758
8.72321
8.72321
8.72321
8.73829
8.73829
8.73829
8.7538
8.7538
8.7538
8.76881
8.76881
8.76881
8.75783
8.75783
8.75783
8.77347
8.77347
8.77347
8.78855
8.78855
8.78855
8.80406
8.80406
8.80406
8.81908
8.81908
8.81908
8.82811
8.82811
8.82811
8.84375
8.84375
8.84375
8.85883
8.85883
8.85883
8.87435
8.87435
8.87435
8.88937
8.88937
8.88937
9.96554
9.96554
9.96554
9.98117
9.98117
9.98117
9.99625
9.99625
9.99625
10.0118
10.0118
10.0118
10.0268
10.0268
10.0268
10.0158
10.0158
10.0158
10.0314
10.0314
10.0314
10.0465
10.0465
10.0465
10.062
10.062
10.062
10.077
10.077
10.077
10.0861
10.0861
10.0861
10.1017
10.1017
10.1017
10.1168
10.1168
10.1168
10.1323
10.1323
10.1323
10.1473
10.1473
10.1473
4.2459
4.2459
4.2459
4.26153
4.26153
4.26153
4.2766
4.2766
4.2766
4.29211
4.29211
4.29211
4.30712
4.30712
4.30712
4.29615
4.29615
4.29615
4.31178
4.31178
4.31178
4.32686
4.32686
4.32686
4.34238
4.34238
4.34238
4.35739
4.35739
4.35739
4.36642
4.36642
4.36642
4.38206
4.38206
4.38206
4.39714
4.39714
4.39714
4.41266
4.41266
4.41266
4.42768
4.42768
4.42768
4.38935
4.38935
4.38935
4.40498
4.40498
4.40498
4.42005
4.42005
4.42005
4.43556
4.43556
4.43556
4.45058
4.45058
4.45058
4.4396
4.4396
4.4396
4.45523
4.45523
4.45523
4.47032
4.47032
4.47032
4.48583
4.48583
4.48583
4.50085
4.50085
4.50085
4.50987
4.50987
4.50987
4.52551
4.52551
4.52551
4.5406
4.5406
4.5406
4.55611
4.55611
4.55611
4.57113
4.57113
4.57113
4.6881
4.6881
4.6881
4.70373
4.70373
4.70373
4.71881
4.71881
4.71881
4.73432
4.73432
4.73432
4.74933
4.74933
4.74933
4.73835
4.73835
4.73835
4.75399
4.75399
4.75399
4.76907
4.76907
4.76907
4.78458
4.78458
4.78458
4.7996
4.7996
4.7996
4.80863
4.80863
4.80863
4.82427
4.82427
4.82427
4.83935
4.83935
4.83935
4.85486
4.85486
4.85486
4.86989
4.86989
4.86989
5.10299
5.10299
5.10299
5.11862
5.11862
5.11862
5.1337
5.1337
5.1337
5.14921
5.14921
5.14921
5.16422
5.16422
5.16422
5.15324
5.15324
5.15324
5.16888
5.16888
5.16888
5.18396
5.18396
5.18396
5.19947
5.19947
5.19947
5.21449
5.21449
5.21449
5.22352
5.22352
5.22352
5.23916
5.23916
5.23916
5.25424
5.25424
5.25424
5.26975
5.26975
5.26975
5.28478
5.28478
5.28478
4.36431
4.36431
4.36431
4.37994
4.37994
4.37994
4.39502
4.39502
4.39502
4.41053
4.41053
4.41053
4.42554
4.42554
4.42554
4.41456
4.41456
4.41456
4.4302
4.4302
4.4302
4.44528
4.44528
4.44528
4.46079
4.46079
4.46079
4.47581
4.47581
4.47581
4.48484
4.48484
4.48484
4.50048
4.50048
4.50048
4.51556
4.51556
4.51556
4.53107
4.53107
4.53107
4.5461
4.5461
4.5461
4.62847
4.62847
4.62847
4.6441
4.6441
4.6441
4.65917
4.65917
4.65917
4.67468
4.67468
4.67468
4.68969
4.68969
4.68969
4.67872
4.67872
4.67872
4.69435
4.69435
4.69435
4.70943
4.70943
4.70943
4.72495
4.72495
4.72495
4.73996
4.73996
4.73996
4.74899
4.74899
4.74899
4.76463
4.76463
4.76463
4.77971
4.77971
4.77971
4.79523
4.79523
4.79523
4.81025
4.81025
4.81025
5.09942
5.09942
5.09942
5.11505
5.11505
5.11505
5.13013
5.13013
5.13013
5.14564
5.14564
5.14564
5.16065
5.16065
5.16065
5.14967
5.14967
5.14967
5.16531
5.16531
5.16531
5.18039
5.18039
5.18039
5.1959
5.1959
5.1959
5.21092
5.21092
5.21092
5.21995
5.21995
5.21995
5.23559
5.23559
5.23559
5.25067
5.25067
5.25067
5.26618
5.26618
5.26618
5.28121
5.28121
5.28121
6.17359
6.17359
6.17359
6.18922
6.18922
6.18922
6.20429
6.20429
6.20429
6.2198
6.2198
6.2198
6.23482
6.23482
6.23482
6.22384
6.22384
6.22384
6.23947
6.23947
6.23947
6.25456
6.25456
6.25456
6.27007
6.27007
6.27007
6.28509
6.28509
6.28509
6.29411
6.29411
6.29411
6.30975
6.30975
6.30975
6.32484
6.32484
6.32484
6.34035
6.34035
6.34035
6.35537
6.35537
6.35537
4.63351
4.63351
4.63351
4.64914
4.64914
4.64914
4.66422
4.66422
4.66422
4.67972
4.67972
4.67972
4.69474
4.69474
4.69474
4.68376
4.68376
4.68376
4.6994
4.6994
4.6994
4.71448
4.71448
4.71448
4.72999
4.72999
4.72999
4.74501
4.74501
4.74501
4.75404
4.75404
4.75404
4.76967
4.76967
4.76967
4.78476
4.78476
4.78476
4.80027
4.80027
4.80027
4.81529
4.81529
4.81529
5.00266
5.00266
5.00266
5.01829
5.01829
5.01829
5.03336
5.03336
5.03336
5.04887
5.04887
5.04887
5.06388
5.06388
5.06388
5.05291
5.05291
5.05291
5.06854
5.06854
5.06854
5.08362
5.08362
5.08362
5.09914
5.09914
5.09914
5.11415
5.11415
5.11415
5.12318
5.12318
5.12318
5.13882
5.13882
5.13882
5.1539
5.1539
5.1539
5.16942
5.16942
5.16942
5.18444
5.18444
5.18444
5.831
5.831
5.831
5.84663
5.84663
5.84663
5.86171
5.86171
5.86171
5.87722
5.87722
5.87722
5.89223
5.89223
5.89223
5.88125
5.88125
5.88125
5.89689
5.89689
5.89689
5.91197
5.91197
5.91197
5.92748
5.92748
5.92748
5.9425
5.9425
5.9425
5.95153
5.95153
5.95153
5.96717
5.96717
5.96717
5.98225
5.98225
5.98225
5.99777
5.99777
5.99777
6.01279
6.01279
6.01279
7.40979
7.40979
7.40979
7.42542
7.42542
7.42542
7.44049
7.44049
7.44049
7.456
7.456
7.456
7.47101
7.47101
7.47101
7.46004
7.46004
7.46004
7.47567
7.47567
7.47567
7.49075
7.49075
7.49075
7.50626
7.50626
7.50626
7.52128
7.52128
7.52128
7.53031
7.53031
7.53031
7.54595
7.54595
7.54595
7.56103
7.56103
7.56103
7.57655
7.57655
7.57655
7.59157
7.59157
7.59157
4.99304
4.99304
4.99304
5.00867
5.00867
5.00867
5.02375
5.02375
5.02375
5.03926
5.03926
5.03926
5.05427
5.05427
5.05427
5.04329
5.04329
5.04329
5.05893
5.05893
5.05893
5.07401
5.07401
5.07401
5.08952
5.08952
5.08952
5.10454
5.10454
5.10454
5.11357
5.11357
5.11357
5.12921
5.12921
5.12921
5.14429
5.14429
5.14429
5.15981
5.15981
5.15981
5.17483
5.17483
5.17483
5.79113
5.79113
5.79113
5.80676
5.80676
5.80676
5.82184
5.82184
5.82184
5.83735
5.83735
5.83735
5.85236
5.85236
5.85236
5.84138
5.84138
5.84138
5.85702
5.85702
5.85702
5.8721
5.8721
5.8721
5.88761
5.88761
5.88761
5.90263
5.90263
5.90263
5.91166
5.91166
5.91166
5.9273
5.9273
5.9273
5.94238
5.94238
5.94238
5.9579
5.9579
5.9579
5.97292
5.97292
5.97292
7.04909
7.04909
7.04909
7.06472
7.06472
7.06472
7.0798
7.0798
7.0798
7.09531
7.09531
7.09531
7.11032
7.11032
7.11032
7.09934
7.09934
7.09934
7.11498
7.11498
7.11498
7.13006
7.13006
7.13006
7.14557
7.14557
7.14557
7.16059
7.16059
7.16059
7.16962
7.16962
7.16962
7.18526
7.18526
7.18526
7.20034
7.20034
7.20034
7.21585
7.21585
7.21585
7.23088
7.23088
7.23088
4.32148
4.32148
4.32148
4.33711
4.33711
4.33711
4.35219
4.35219
4.35219
4.3677
4.3677
4.3677
4.38271
4.38271
4.38271
4.37173
4.37173
4.37173
4.38737
4.38737
4.38737
4.40245
4.40245
4.40245
4.41796
4.41796
4.41796
4.43298
4.43298
4.43298
4.44201
4.44201
4.44201
4.45765
4.45765
4.45765
4.47273
4.47273
4.47273
4.48825
4.48825
4.48825
4.50327
4.50327
4.50327
4.46494
4.46494
4.46494
4.48057
4.48057
4.48057
4.49564
4.49564
4.49564
4.51115
4.51115
4.51115
4.52616
4.52616
4.52616
4.51519
4.51519
4.51519
4.53082
4.53082
4.53082
4.5459
4.5459
4.5459
4.56142
4.56142
4.56142
4.57644
4.57644
4.57644
4.58546
4.58546
4.58546
4.6011
4.6011
4.6011
4.61618
4.61618
4.61618
4.6317
4.6317
4.6317
4.64672
4.64672
4.64672
4.76369
4.76369
4.76369
4.77932
4.77932
4.77932
4.7944
4.7944
4.7944
4.8099
4.8099
4.8099
4.82492
4.82492
4.82492
4.81394
4.81394
4.81394
4.82958
4.82958
4.82958
4.84466
4.84466
4.84466
4.86017
4.86017
4.86017
4.87519
4.87519
4.87519
4.88422
4.88422
4.88422
4.89985
4.89985
4.89985
4.91494
4.91494
4.91494
4.93045
4.93045
4.93045
4.94547
4.94547
4.94547
5.17858
5.17858
5.17858
5.19421
5.19421
5.19421
5.20929
5.20929
5.20929
5.22479
5.22479
5.22479
5.23981
5.23981
5.23981
5.22883
5.22883
5.22883
5.24447
5.24447
5.24447
5.25955
5.25955
5.25955
5.27506
5.27506
5.27506
5.29008
5.29008
5.29008
5.29911
5.29911
5.29911
5.31474
5.31474
5.31474
5.32983
5.32983
5.32983
5.34534
5.34534
5.34534
5.36036
5.36036
5.36036
4.4399
4.4399
4.4399
4.45553
4.45553
4.45553
4.47061
4.47061
4.47061
4.48611
4.48611
4.48611
4.50113
4.50113
4.50113
4.49015
4.49015
4.49015
4.50579
4.50579
4.50579
4.52087
4.52087
4.52087
4.53638
4.53638
4.53638
4.5514
4.5514
4.5514
4.56043
4.56043
4.56043
4.57606
4.57606
4.57606
4.59115
4.59115
4.59115
4.60666
4.60666
4.60666
4.62168
4.62168
4.62168
4.70405
4.70405
4.70405
4.71968
4.71968
4.71968
4.73476
4.73476
4.73476
4.75027
4.75027
4.75027
4.76528
4.76528
4.76528
4.7543
4.7543
4.7543
4.76994
4.76994
4.76994
4.78502
4.78502
4.78502
4.80053
4.80053
4.80053
4.81555
4.81555
4.81555
4.82458
4.82458
4.82458
4.84022
4.84022
4.84022
4.8553
4.8553
4.8553
4.87082
4.87082
4.87082
4.88584
4.88584
4.88584
5.17501
5.17501
5.17501
5.19064
5.19064
5.19064
5.20572
5.20572
5.20572
5.22122
5.22122
5.22122
5.23624
5.23624
5.23624
5.22526
5.22526
5.22526
5.2409
5.2409
5.2409
5.25598
5.25598
5.25598
5.27149
5.27149
5.27149
5.28651
5.28651
5.28651
5.29554
5.29554
5.29554
5.31117
5.31117
5.31117
5.32626
5.32626
5.32626
5.34177
5.34177
5.34177
5.35679
5.35679
5.35679
6.24918
6.24918
6.24918
6.26481
6.26481
6.26481
6.27988
6.27988
6.27988
6.29539
6.29539
6.29539
6.3104
6.3104
6.3104
6.29943
6.29943
6.29943
6.31506
6.31506
6.31506
6.33014
6.33014
6.33014
6.34566
6.34566
6.34566
6.36068
6.36068
6.36068
6.3697
6.3697
6.3697
6.38534
6.38534
6.38534
6.40042
6.40042
6.40042
6.41594
6.41594
6.41594
6.43096
6.43096
6.43096
4.7091
4.7091
4.7091
4.72473
4.72473
4.72473
4.7398
4.7398
4.7398
4.75531
4.75531
4.75531
4.77033
4.77033
4.77033
4.75935
4.75935
4.75935
4.77498
4.77498
4.77498
4.79006
4.79006
4.79006
4.80558
4.80558
4.80558
4.8206
4.8206
4.8206
4.82962
4.82962
4.82962
4.84526
4.84526
4.84526
4.86034
4.86034
4.86034
4.87586
4.87586
4.87586
4.89088
4.89088
4.89088
5.07824
5.07824
5.07824
5.09387
5.09387
5.09387
5.10895
5.10895
5.10895
5.12446
5.12446
5.12446
5.13947
5.13947
5.13947
5.12849
5.12849
5.12849
5.14413
5.14413
5.14413
5.15921
5.15921
5.15921
5.17472
5.17472
5.17472
5.18974
5.18974
5.18974
5.19877
5.19877
5.19877
5.21441
5.21441
5.21441
5.22949
5.22949
5.22949
5.24501
5.24501
5.24501
5.26003
5.26003
5.26003
5.90659
5.90659
5.90659
5.92222
5.92222
5.92222
5.9373
5.9373
5.9373
5.95281
5.95281
5.95281
5.96782
5.96782
5.96782
5.95684
5.95684
5.95684
5.97248
5.97248
5.97248
5.98756
5.98756
5.98756
6.00307
6.00307
6.00307
6.01809
6.01809
6.01809
6.02712
6.02712
6.02712
6.04276
6.04276
6.04276
6.05784
6.05784
6.05784
6.07335
6.07335
6.07335
6.08838
6.08838
6.08838
7.48537
7.48537
7.48537
7.501
7.501
7.501
7.51608
7.51608
7.51608
7.53159
7.53159
7.53159
7.5466
7.5466
7.5466
7.53562
7.53562
7.53562
7.55126
7.55126
7.55126
7.56634
7.56634
7.56634
7.58185
7.58185
7.58185
7.59687
7.59687
7.59687
7.6059
7.6059
7.6059
7.62154
7.62154
7.62154
7.63662
7.63662
7.63662
7.65214
7.65214
7.65214
7.66716
7.66716
7.66716
5.06863
5.06863
5.06863
5.08426
5.08426
5.08426
5.09934
5.09934
5.09934
5.11485
5.11485
5.11485
5.12986
5.12986
5.12986
5.11888
5.11888
5.11888
5.13452
5.13452
5.13452
5.1496
5.1496
5.1496
5.16511
5.16511
5.16511
5.18013
5.18013
5.18013
5.18916
5.18916
5.18916
5.2048
5.2048
5.2048
5.21988
5.21988
5.21988
5.23539
5.23539
5.23539
5.25042
5.25042
5.25042
5.86672
5.86672
5.86672
5.88235
5.88235
5.88235
5.89743
5.89743
5.89743
5.91294
5.91294
5.91294
5.92795
5.92795
5.92795
5.91697
5.91697
5.91697
5.93261
5.93261
5.93261
5.94769
5.94769
5.94769
5.9632
5.9632
5.9632
5.97822
5.97822
5.97822
5.98725
5.98725
5.98725
6.00289
6.00289
6.00289
6.01797
6.01797
6.01797
6.03348
6.03348
6.03348
6.04851
6.04851
6.04851
7.12468
7.12468
7.12468
7.14031
7.14031
7.14031
7.15539
7.15539
7.15539
7.17089
7.17089
7.17089
7.18591
7.18591
7.18591
7.17493
7.17493
7.17493
7.19056
7.19056
7.19056
7.20565
7.20565
7.20565
7.22116
7.22116
7.22116
7.23618
7.23618
7.23618
7.24521
7.24521
7.24521
7.26084
7.26084
7.26084
7.27593
7.27593
7.27593
7.29144
7.29144
7.29144
7.30646
7.30646
7.30646
4.48136
4.48136
4.48136
4.49699
4.49699
4.49699
4.51206
4.51206
4.51206
4.52757
4.52757
4.52757
4.54258
4.54258
4.54258
4.53161
4.53161
4.53161
4.54724
4.54724
4.54724
4.56232
4.56232
4.56232
4.57784
4.57784
4.57784
4.59286
4.59286
4.59286
4.60188
4.60188
4.60188
4.61752
4.61752
4.61752
4.6326
4.6326
4.6326
4.64812
4.64812
4.64812
4.66314
4.66314
4.66314
4.62481
4.62481
4.62481
4.64044
4.64044
4.64044
4.65552
4.65552
4.65552
4.67102
4.67102
4.67102
4.68604
4.68604
4.68604
4.67506
4.67506
4.67506
4.6907
4.6907
4.6907
4.70578
4.70578
4.70578
4.72129
4.72129
4.72129
4.73631
4.73631
4.73631
4.74534
4.74534
4.74534
4.76097
4.76097
4.76097
4.77606
4.77606
4.77606
4.79157
4.79157
4.79157
4.80659
4.80659
4.80659
4.92356
4.92356
4.92356
4.93919
4.93919
4.93919
4.95427
4.95427
4.95427
4.96978
4.96978
4.96978
4.98479
4.98479
4.98479
4.97381
4.97381
4.97381
4.98945
4.98945
4.98945
5.00453
5.00453
5.00453
5.02004
5.02004
5.02004
5.03506
5.03506
5.03506
5.04409
5.04409
5.04409
5.05973
5.05973
5.05973
5.07481
5.07481
5.07481
5.09033
5.09033
5.09033
5.10535
5.10535
5.10535
5.33845
5.33845
5.33845
5.35408
5.35408
5.35408
5.36916
5.36916
5.36916
5.38467
5.38467
5.38467
5.39968
5.39968
5.39968
5.3887
5.3887
5.3887
5.40434
5.40434
5.40434
5.41942
5.41942
5.41942
5.43493
5.43493
5.43493
5.44995
5.44995
5.44995
5.45898
5.45898
5.45898
5.47462
5.47462
5.47462
5.4897
5.4897
5.4897
5.50522
5.50522
5.50522
5.52024
5.52024
5.52024
4.59977
4.59977
4.59977
4.6154
4.6154
4.6154
4.63048
4.63048
4.63048
4.64599
4.64599
4.64599
4.661
4.661
4.661
4.65002
4.65002
4.65002
4.66566
4.66566
4.66566
4.68074
4.68074
4.68074
4.69625
4.69625
4.69625
4.71127
4.71127
4.71127
4.7203
4.7203
4.7203
4.73594
4.73594
4.73594
4.75102
4.75102
4.75102
4.76654
4.76654
4.76654
4.78156
4.78156
4.78156
4.86393
4.86393
4.86393
4.87956
4.87956
4.87956
4.89463
4.89463
4.89463
4.91014
4.91014
4.91014
4.92515
4.92515
4.92515
4.91418
4.91418
4.91418
4.92981
4.92981
4.92981
4.94489
4.94489
4.94489
4.96041
4.96041
4.96041
4.97543
4.97543
4.97543
4.98445
4.98445
4.98445
5.00009
5.00009
5.00009
5.01517
5.01517
5.01517
5.03069
5.03069
5.03069
5.04571
5.04571
5.04571
5.33488
5.33488
5.33488
5.35051
5.35051
5.35051
5.36559
5.36559
5.36559
5.3811
5.3811
5.3811
5.39611
5.39611
5.39611
5.38513
5.38513
5.38513
5.40077
5.40077
5.40077
5.41585
5.41585
5.41585
5.43136
5.43136
5.43136
5.44638
5.44638
5.44638
5.45541
5.45541
5.45541
5.47105
5.47105
5.47105
5.48613
5.48613
5.48613
5.50165
5.50165
5.50165
5.51667
5.51667
5.51667
6.40905
6.40905
6.40905
6.42468
6.42468
6.42468
6.43976
6.43976
6.43976
6.45526
6.45526
6.45526
6.47028
6.47028
6.47028
6.4593
6.4593
6.4593
6.47494
6.47494
6.47494
6.49002
6.49002
6.49002
6.50553
6.50553
6.50553
6.52055
6.52055
6.52055
6.52958
6.52958
6.52958
6.54521
6.54521
6.54521
6.5603
6.5603
6.5603
6.57581
6.57581
6.57581
6.59083
6.59083
6.59083
4.86897
4.86897
4.86897
4.8846
4.8846
4.8846
4.89968
4.89968
4.89968
4.91518
4.91518
4.91518
4.9302
4.9302
4.9302
4.91922
4.91922
4.91922
4.93486
4.93486
4.93486
4.94994
4.94994
4.94994
4.96545
4.96545
4.96545
4.98047
4.98047
4.98047
4.9895
4.9895
4.9895
5.00513
5.00513
5.00513
5.02022
5.02022
5.02022
5.03573
5.03573
5.03573
5.05076
5.05076
5.05076
5.23812
5.23812
5.23812
5.25375
5.25375
5.25375
5.26882
5.26882
5.26882
5.28433
5.28433
5.28433
5.29934
5.29934
5.29934
5.28837
5.28837
5.28837
5.304
5.304
5.304
5.31908
5.31908
5.31908
5.3346
5.3346
5.3346
5.34962
5.34962
5.34962
5.35864
5.35864
5.35864
5.37428
5.37428
5.37428
5.38936
5.38936
5.38936
5.40488
5.40488
5.40488
5.4199
5.4199
5.4199
6.06647
6.06647
6.06647
6.0821
6.0821
6.0821
6.09717
6.09717
6.09717
6.11268
6.11268
6.11268
6.12769
6.12769
6.12769
6.11672
6.11672
6.11672
6.13235
6.13235
6.13235
6.14743
6.14743
6.14743
6.16294
6.16294
6.16294
6.17796
6.17796
6.17796
6.18699
6.18699
6.18699
6.20263
6.20263
6.20263
6.21771
6.21771
6.21771
6.23323
6.23323
6.23323
6.24825
6.24825
6.24825
7.64525
7.64525
7.64525
7.66088
7.66088
7.66088
7.67595
7.67595
7.67595
7.69146
7.69146
7.69146
7.70647
7.70647
7.70647
7.6955
7.6955
7.6955
7.71113
7.71113
7.71113
7.72621
7.72621
7.72621
7.74173
7.74173
7.74173
7.75675
7.75675
7.75675
7.76577
7.76577
7.76577
7.78141
7.78141
7.78141
7.79649
7.79649
7.79649
7.81201
7.81201
7.81201
7.82703
7.82703
7.82703
5.22851
5.22851
5.22851
5.24414
5.24414
5.24414
5.25921
5.25921
5.25921
5.27472
5.27472
5.27472
5.28973
5.28973
5.28973
5.27876
5.27876
5.27876
5.29439
5.29439
5.29439
5.30947
5.30947
5.30947
5.32498
5.32498
5.32498
5.34
5.34
5.34
5.34903
5.34903
5.34903
5.36467
5.36467
5.36467
5.37975
5.37975
5.37975
5.39527
5.39527
5.39527
5.41029
5.41029
5.41029
6.0266
6.0266
6.0266
6.04223
6.04223
6.04223
6.0573
6.0573
6.0573
6.07281
6.07281
6.07281
6.08782
6.08782
6.08782
6.07685
6.07685
6.07685
6.09248
6.09248
6.09248
6.10756
6.10756
6.10756
6.12307
6.12307
6.12307
6.13809
6.13809
6.13809
6.14712
6.14712
6.14712
6.16276
6.16276
6.16276
6.17784
6.17784
6.17784
6.19336
6.19336
6.19336
6.20838
6.20838
6.20838
7.28455
7.28455
7.28455
7.30018
7.30018
7.30018
7.31526
7.31526
7.31526
7.33077
7.33077
7.33077
7.34578
7.34578
7.34578
7.3348
7.3348
7.3348
7.35044
7.35044
7.35044
7.36552
7.36552
7.36552
7.38103
7.38103
7.38103
7.39605
7.39605
7.39605
7.40508
7.40508
7.40508
7.42072
7.42072
7.42072
7.4358
7.4358
7.4358
7.45131
7.45131
7.45131
7.46634
7.46634
7.46634
5.40951
5.40951
5.40951
5.42514
5.42514
5.42514
5.44021
5.44021
5.44021
5.45572
5.45572
5.45572
5.47074
5.47074
5.47074
5.45976
5.45976
5.45976
5.47539
5.47539
5.47539
5.49047
5.49047
5.49047
5.50599
5.50599
5.50599
5.52101
5.52101
5.52101
5.53003
5.53003
5.53003
5.54567
5.54567
5.54567
5.56075
5.56075
5.56075
5.57627
5.57627
5.57627
5.59129
5.59129
5.59129
5.55296
5.55296
5.55296
5.56859
5.56859
5.56859
5.58367
5.58367
5.58367
5.59917
5.59917
5.59917
5.61419
5.61419
5.61419
5.60321
5.60321
5.60321
5.61885
5.61885
5.61885
5.63393
5.63393
5.63393
5.64944
5.64944
5.64944
5.66446
5.66446
5.66446
5.67349
5.67349
5.67349
5.68912
5.68912
5.68912
5.70421
5.70421
5.70421
5.71972
5.71972
5.71972
5.73475
5.73475
5.73475
5.85171
5.85171
5.85171
5.86734
5.86734
5.86734
5.88242
5.88242
5.88242
5.89793
5.89793
5.89793
5.91294
5.91294
5.91294
5.90196
5.90196
5.90196
5.9176
5.9176
5.9176
5.93268
5.93268
5.93268
5.94819
5.94819
5.94819
5.96321
5.96321
5.96321
5.97224
5.97224
5.97224
5.98788
5.98788
5.98788
6.00296
6.00296
6.00296
6.01848
6.01848
6.01848
6.0335
6.0335
6.0335
6.2666
6.2666
6.2666
6.28223
6.28223
6.28223
6.29731
6.29731
6.29731
6.31282
6.31282
6.31282
6.32783
6.32783
6.32783
6.31685
6.31685
6.31685
6.33249
6.33249
6.33249
6.34757
6.34757
6.34757
6.36308
6.36308
6.36308
6.3781
6.3781
6.3781
6.38713
6.38713
6.38713
6.40277
6.40277
6.40277
6.41785
6.41785
6.41785
6.43337
6.43337
6.43337
6.44839
6.44839
6.44839
5.52792
5.52792
5.52792
5.54355
5.54355
5.54355
5.55863
5.55863
5.55863
5.57414
5.57414
5.57414
5.58915
5.58915
5.58915
5.57817
5.57817
5.57817
5.59381
5.59381
5.59381
5.60889
5.60889
5.60889
5.6244
5.6244
5.6244
5.63942
5.63942
5.63942
5.64845
5.64845
5.64845
5.66409
5.66409
5.66409
5.67917
5.67917
5.67917
5.69469
5.69469
5.69469
5.70971
5.70971
5.70971
5.79208
5.79208
5.79208
5.80771
5.80771
5.80771
5.82278
5.82278
5.82278
5.83829
5.83829
5.83829
5.85331
5.85331
5.85331
5.84233
5.84233
5.84233
5.85796
5.85796
5.85796
5.87304
5.87304
5.87304
5.88856
5.88856
5.88856
5.90358
5.90358
5.90358
5.9126
5.9126
5.9126
5.92824
5.92824
5.92824
5.94333
5.94333
5.94333
5.95884
5.95884
5.95884
5.97386
5.97386
5.97386
6.26303
6.26303
6.26303
6.27866
6.27866
6.27866
6.29374
6.29374
6.29374
6.30925
6.30925
6.30925
6.32426
6.32426
6.32426
6.31328
6.31328
6.31328
6.32892
6.32892
6.32892
6.344
6.344
6.344
6.35951
6.35951
6.35951
6.37453
6.37453
6.37453
6.38356
6.38356
6.38356
6.3992
6.3992
6.3992
6.41428
6.41428
6.41428
6.4298
6.4298
6.4298
6.44482
6.44482
6.44482
7.3372
7.3372
7.3372
7.35283
7.35283
7.35283
7.36791
7.36791
7.36791
7.38341
7.38341
7.38341
7.39843
7.39843
7.39843
7.38745
7.38745
7.38745
7.40309
7.40309
7.40309
7.41817
7.41817
7.41817
7.43368
7.43368
7.43368
7.4487
7.4487
7.4487
7.45773
7.45773
7.45773
7.47336
7.47336
7.47336
7.48845
7.48845
7.48845
7.50396
7.50396
7.50396
7.51899
7.51899
7.51899
5.79712
5.79712
5.79712
5.81275
5.81275
5.81275
5.82783
5.82783
5.82783
5.84333
5.84333
5.84333
5.85835
5.85835
5.85835
5.84737
5.84737
5.84737
5.86301
5.86301
5.86301
5.87809
5.87809
5.87809
5.8936
5.8936
5.8936
5.90862
5.90862
5.90862
5.91765
5.91765
5.91765
5.93329
5.93329
5.93329
5.94837
5.94837
5.94837
5.96388
5.96388
5.96388
5.97891
5.97891
5.97891
6.16627
6.16627
6.16627
6.1819
6.1819
6.1819
6.19697
6.19697
6.19697
6.21248
6.21248
6.21248
6.2275
6.2275
6.2275
6.21652
6.21652
6.21652
6.23215
6.23215
6.23215
6.24723
6.24723
6.24723
6.26275
6.26275
6.26275
6.27777
6.27777
6.27777
6.28679
6.28679
6.28679
6.30243
6.30243
6.30243
6.31751
6.31751
6.31751
6.33303
6.33303
6.33303
6.34805
6.34805
6.34805
6.99462
6.99462
6.99462
7.01025
7.01025
7.01025
7.02532
7.02532
7.02532
7.04083
7.04083
7.04083
7.05584
7.05584
7.05584
7.04487
7.04487
7.04487
7.0605
7.0605
7.0605
7.07558
7.07558
7.07558
7.0911
7.0911
7.0911
7.10612
7.10612
7.10612
7.11514
7.11514
7.11514
7.13078
7.13078
7.13078
7.14586
7.14586
7.14586
7.16138
7.16138
7.16138
7.1764
7.1764
7.1764
8.5734
8.5734
8.5734
8.58903
8.58903
8.58903
8.6041
8.6041
8.6041
8.61961
8.61961
8.61961
8.63463
8.63463
8.63463
8.62365
8.62365
8.62365
8.63928
8.63928
8.63928
8.65436
8.65436
8.65436
8.66988
8.66988
8.66988
8.6849
8.6849
8.6849
8.69392
8.69392
8.69392
8.70956
8.70956
8.70956
8.72464
8.72464
8.72464
8.74016
8.74016
8.74016
8.75518
8.75518
8.75518
6.15666
6.15666
6.15666
6.17229
6.17229
6.17229
6.18736
6.18736
6.18736
6.20287
6.20287
6.20287
6.21788
6.21788
6.21788
6.20691
6.20691
6.20691
6.22254
6.22254
6.22254
6.23762
6.23762
6.23762
6.25314
6.25314
6.25314
6.26815
6.26815
6.26815
6.27718
6.27718
6.27718
6.29282
6.29282
6.29282
6.3079
6.3079
6.3079
6.32342
6.32342
6.32342
6.33844
6.33844
6.33844
6.95475
6.95475
6.95475
6.97038
6.97038
6.97038
6.98545
6.98545
6.98545
7.00096
7.00096
7.00096
7.01597
7.01597
7.01597
7.005
7.005
7.005
7.02063
7.02063
7.02063
7.03571
7.03571
7.03571
7.05123
7.05123
7.05123
7.06625
7.06625
7.06625
7.07527
7.07527
7.07527
7.09091
7.09091
7.09091
7.10599
7.10599
7.10599
7.12151
7.12151
7.12151
7.13653
7.13653
7.13653
8.2127
8.2127
8.2127
8.22833
8.22833
8.22833
8.24341
8.24341
8.24341
8.25892
8.25892
8.25892
8.27393
8.27393
8.27393
8.26295
8.26295
8.26295
8.27859
8.27859
8.27859
8.29367
8.29367
8.29367
8.30918
8.30918
8.30918
8.3242
8.3242
8.3242
8.33323
8.33323
8.33323
8.34887
8.34887
8.34887
8.36395
8.36395
8.36395
8.37947
8.37947
8.37947
8.39449
8.39449
8.39449
7.31082
7.31082
7.31082
7.32645
7.32645
7.32645
7.34153
7.34153
7.34153
7.35704
7.35704
7.35704
7.37205
7.37205
7.37205
7.36107
7.36107
7.36107
7.37671
7.37671
7.37671
7.39179
7.39179
7.39179
7.4073
7.4073
7.4073
7.42232
7.42232
7.42232
7.43135
7.43135
7.43135
7.44699
7.44699
7.44699
7.46207
7.46207
7.46207
7.47758
7.47758
7.47758
7.49261
7.49261
7.49261
7.45428
7.45428
7.45428
7.46991
7.46991
7.46991
7.48498
7.48498
7.48498
7.50049
7.50049
7.50049
7.5155
7.5155
7.5155
7.50453
7.50453
7.50453
7.52016
7.52016
7.52016
7.53524
7.53524
7.53524
7.55075
7.55075
7.55075
7.56577
7.56577
7.56577
7.5748
7.5748
7.5748
7.59044
7.59044
7.59044
7.60552
7.60552
7.60552
7.62104
7.62104
7.62104
7.63606
7.63606
7.63606
7.75303
7.75303
7.75303
7.76866
7.76866
7.76866
7.78373
7.78373
7.78373
7.79924
7.79924
7.79924
7.81426
7.81426
7.81426
7.80328
7.80328
7.80328
7.81891
7.81891
7.81891
7.83399
7.83399
7.83399
7.84951
7.84951
7.84951
7.86453
7.86453
7.86453
7.87355
7.87355
7.87355
7.88919
7.88919
7.88919
7.90428
7.90428
7.90428
7.91979
7.91979
7.91979
7.93481
7.93481
7.93481
8.16792
8.16792
8.16792
8.18355
8.18355
8.18355
8.19862
8.19862
8.19862
8.21413
8.21413
8.21413
8.22915
8.22915
8.22915
8.21817
8.21817
8.21817
8.2338
8.2338
8.2338
8.24889
8.24889
8.24889
8.2644
8.2644
8.2644
8.27942
8.27942
8.27942
8.28844
8.28844
8.28844
8.30408
8.30408
8.30408
8.31917
8.31917
8.31917
8.33468
8.33468
8.33468
8.3497
8.3497
8.3497
7.42924
7.42924
7.42924
7.44487
7.44487
7.44487
7.45994
7.45994
7.45994
7.47545
7.47545
7.47545
7.49047
7.49047
7.49047
7.47949
7.47949
7.47949
7.49512
7.49512
7.49512
7.5102
7.5102
7.5102
7.52572
7.52572
7.52572
7.54074
7.54074
7.54074
7.54976
7.54976
7.54976
7.5654
7.5654
7.5654
7.58049
7.58049
7.58049
7.596
7.596
7.596
7.61102
7.61102
7.61102
7.69339
7.69339
7.69339
7.70902
7.70902
7.70902
7.7241
7.7241
7.7241
7.73961
7.73961
7.73961
7.75462
7.75462
7.75462
7.74364
7.74364
7.74364
7.75928
7.75928
7.75928
7.77436
7.77436
7.77436
7.78987
7.78987
7.78987
7.80489
7.80489
7.80489
7.81392
7.81392
7.81392
7.82956
7.82956
7.82956
7.84464
7.84464
7.84464
7.86015
7.86015
7.86015
7.87518
7.87518
7.87518
8.16435
8.16435
8.16435
8.17998
8.17998
8.17998
8.19505
8.19505
8.19505
8.21056
8.21056
8.21056
8.22558
8.22558
8.22558
8.2146
8.2146
8.2146
8.23023
8.23023
8.23023
8.24532
8.24532
8.24532
8.26083
8.26083
8.26083
8.27585
8.27585
8.27585
8.28487
8.28487
8.28487
8.30051
8.30051
8.30051
8.3156
8.3156
8.3156
8.33111
8.33111
8.33111
8.34613
8.34613
8.34613
9.23852
9.23852
9.23852
9.25415
9.25415
9.25415
9.26922
9.26922
9.26922
9.28473
9.28473
9.28473
9.29974
9.29974
9.29974
9.28877
9.28877
9.28877
9.3044
9.3044
9.3044
9.31948
9.31948
9.31948
9.33499
9.33499
9.33499
9.35001
9.35001
9.35001
9.35904
9.35904
9.35904
9.37468
9.37468
9.37468
9.38976
9.38976
9.38976
9.40528
9.40528
9.40528
9.4203
9.4203
9.4203
7.69844
7.69844
7.69844
7.71407
7.71407
7.71407
7.72914
7.72914
7.72914
7.74465
7.74465
7.74465
7.75966
7.75966
7.75966
7.74869
7.74869
7.74869
7.76432
7.76432
7.76432
7.7794
7.7794
7.7794
7.79492
7.79492
7.79492
7.80993
7.80993
7.80993
7.81896
7.81896
7.81896
7.8346
7.8346
7.8346
7.84968
7.84968
7.84968
7.8652
7.8652
7.8652
7.88022
7.88022
7.88022
8.06758
8.06758
8.06758
8.08321
8.08321
8.08321
8.09829
8.09829
8.09829
8.1138
8.1138
8.1138
8.12881
8.12881
8.12881
8.11783
8.11783
8.11783
8.13347
8.13347
8.13347
8.14855
8.14855
8.14855
8.16406
8.16406
8.16406
8.17908
8.17908
8.17908
8.18811
8.18811
8.18811
8.20375
8.20375
8.20375
8.21883
8.21883
8.21883
8.23434
8.23434
8.23434
8.24937
8.24937
8.24937
8.89593
8.89593
8.89593
8.91156
8.91156
8.91156
8.92664
8.92664
8.92664
8.94214
8.94214
8.94214
8.95716
8.95716
8.95716
8.94618
8.94618
8.94618
8.96182
8.96182
8.96182
8.9769
8.9769
8.9769
8.99241
8.99241
8.99241
9.00743
9.00743
9.00743
9.01646
9.01646
9.01646
9.03209
9.03209
9.03209
9.04718
9.04718
9.04718
9.06269
9.06269
9.06269
9.07772
9.07772
9.07772
10.4747
10.4747
10.4747
10.4903
10.4903
10.4903
10.5054
10.5054
10.5054
10.5209
10.5209
10.5209
10.5359
10.5359
10.5359
10.525
10.525
10.525
10.5406
10.5406
10.5406
10.5557
10.5557
10.5557
10.5712
10.5712
10.5712
10.5862
10.5862
10.5862
10.5952
10.5952
10.5952
10.6109
10.6109
10.6109
10.626
10.626
10.626
10.6415
10.6415
10.6415
10.6565
10.6565
10.6565
8.05797
8.05797
8.05797
8.0736
8.0736
8.0736
8.08868
8.08868
8.08868
8.10418
8.10418
8.10418
8.1192
8.1192
8.1192
8.10822
8.10822
8.10822
8.12386
8.12386
8.12386
8.13894
8.13894
8.13894
8.15445
8.15445
8.15445
8.16947
8.16947
8.16947
8.1785
8.1785
8.1785
8.19413
8.19413
8.19413
8.20922
8.20922
8.20922
8.22473
8.22473
8.22473
8.23976
8.23976
8.23976
8.85606
8.85606
8.85606
8.87169
8.87169
8.87169
8.88677
8.88677
8.88677
8.90227
8.90227
8.90227
8.91729
8.91729
8.91729
8.90631
8.90631
8.90631
8.92195
8.92195
8.92195
8.93703
8.93703
8.93703
8.95254
8.95254
8.95254
8.96756
8.96756
8.96756
8.97659
8.97659
8.97659
8.99222
8.99222
8.99222
9.00731
9.00731
9.00731
9.02282
9.02282
9.02282
9.03785
9.03785
9.03785
10.114
10.114
10.114
10.1296
10.1296
10.1296
10.1447
10.1447
10.1447
10.1602
10.1602
10.1602
10.1752
10.1752
10.1752
10.1643
10.1643
10.1643
10.1799
10.1799
10.1799
10.195
10.195
10.195
10.2105
10.2105
10.2105
10.2255
10.2255
10.2255
10.2345
10.2345
10.2345
10.2502
10.2502
10.2502
10.2653
10.2653
10.2653
10.2808
10.2808
10.2808
10.2958
10.2958
10.2958
4.26407
4.26407
4.26407
4.2797
4.2797
4.2797
4.29478
4.29478
4.29478
4.31028
4.31028
4.31028
4.3253
4.3253
4.3253
4.31432
4.31432
4.31432
4.32996
4.32996
4.32996
4.34504
4.34504
4.34504
4.36055
4.36055
4.36055
4.37557
4.37557
4.37557
4.3846
4.3846
4.3846
4.40023
4.40023
4.40023
4.41532
4.41532
4.41532
4.43083
4.43083
4.43083
4.44585
4.44585
4.44585
4.40752
4.40752
4.40752
4.42315
4.42315
4.42315
4.43823
4.43823
4.43823
4.45374
4.45374
4.45374
4.46875
4.46875
4.46875
4.45777
4.45777
4.45777
4.47341
4.47341
4.47341
4.48849
4.48849
4.48849
4.504
4.504
4.504
4.51902
4.51902
4.51902
4.52805
4.52805
4.52805
4.54369
4.54369
4.54369
4.55877
4.55877
4.55877
4.57429
4.57429
4.57429
4.58931
4.58931
4.58931
4.70628
4.70628
4.70628
4.72191
4.72191
4.72191
4.73698
4.73698
4.73698
4.75249
4.75249
4.75249
4.7675
4.7675
4.7675
4.75653
4.75653
4.75653
4.77216
4.77216
4.77216
4.78724
4.78724
4.78724
4.80276
4.80276
4.80276
4.81777
4.81777
4.81777
4.8268
4.8268
4.8268
4.84244
4.84244
4.84244
4.85752
4.85752
4.85752
4.87304
4.87304
4.87304
4.88806
4.88806
4.88806
5.12117
5.12117
5.12117
5.1368
5.1368
5.1368
5.15187
5.15187
5.15187
5.16738
5.16738
5.16738
5.18239
5.18239
5.18239
5.17142
5.17142
5.17142
5.18705
5.18705
5.18705
5.20213
5.20213
5.20213
5.21765
5.21765
5.21765
5.23267
5.23267
5.23267
5.24169
5.24169
5.24169
5.25733
5.25733
5.25733
5.27241
5.27241
5.27241
5.28793
5.28793
5.28793
5.30295
5.30295
5.30295
4.38249
4.38249
4.38249
4.39812
4.39812
4.39812
4.41319
4.41319
4.41319
4.4287
4.4287
4.4287
4.44371
4.44371
4.44371
4.43274
4.43274
4.43274
4.44837
4.44837
4.44837
4.46345
4.46345
4.46345
4.47897
4.47897
4.47897
4.49398
4.49398
4.49398
4.50301
4.50301
4.50301
4.51865
4.51865
4.51865
4.53373
4.53373
4.53373
4.54925
4.54925
4.54925
4.56427
4.56427
4.56427
4.64664
4.64664
4.64664
4.66227
4.66227
4.66227
4.67735
4.67735
4.67735
4.69285
4.69285
4.69285
4.70787
4.70787
4.70787
4.69689
4.69689
4.69689
4.71253
4.71253
4.71253
4.72761
4.72761
4.72761
4.74312
4.74312
4.74312
4.75814
4.75814
4.75814
4.76717
4.76717
4.76717
4.7828
4.7828
4.7828
4.79789
4.79789
4.79789
4.8134
4.8134
4.8134
4.82842
4.82842
4.82842
5.1176
5.1176
5.1176
5.13323
5.13323
5.13323
5.1483
5.1483
5.1483
5.16381
5.16381
5.16381
5.17882
5.17882
5.17882
5.16785
5.16785
5.16785
5.18348
5.18348
5.18348
5.19856
5.19856
5.19856
5.21408
5.21408
5.21408
5.2291
5.2291
5.2291
5.23812
5.23812
5.23812
5.25376
5.25376
5.25376
5.26884
5.26884
5.26884
5.28436
5.28436
5.28436
5.29938
5.29938
5.29938
6.19176
6.19176
6.19176
6.20739
6.20739
6.20739
6.22247
6.22247
6.22247
6.23798
6.23798
6.23798
6.25299
6.25299
6.25299
6.24201
6.24201
6.24201
6.25765
6.25765
6.25765
6.27273
6.27273
6.27273
6.28824
6.28824
6.28824
6.30326
6.30326
6.30326
6.31229
6.31229
6.31229
6.32793
6.32793
6.32793
6.34301
6.34301
6.34301
6.35853
6.35853
6.35853
6.37355
6.37355
6.37355
4.65168
4.65168
4.65168
4.66731
4.66731
4.66731
4.68239
4.68239
4.68239
4.6979
4.6979
4.6979
4.71291
4.71291
4.71291
4.70193
4.70193
4.70193
4.71757
4.71757
4.71757
4.73265
4.73265
4.73265
4.74816
4.74816
4.74816
4.76318
4.76318
4.76318
4.77221
4.77221
4.77221
4.78785
4.78785
4.78785
4.80293
4.80293
4.80293
4.81845
4.81845
4.81845
4.83347
4.83347
4.83347
5.02083
5.02083
5.02083
5.03646
5.03646
5.03646
5.05154
5.05154
5.05154
5.06704
5.06704
5.06704
5.08206
5.08206
5.08206
5.07108
5.07108
5.07108
5.08672
5.08672
5.08672
5.1018
5.1018
5.1018
5.11731
5.11731
5.11731
5.13233
5.13233
5.13233
5.14136
5.14136
5.14136
5.15699
5.15699
5.15699
5.17208
5.17208
5.17208
5.18759
5.18759
5.18759
5.20261
5.20261
5.20261
5.84918
5.84918
5.84918
5.86481
5.86481
5.86481
5.87988
5.87988
5.87988
5.89539
5.89539
5.89539
5.91041
5.91041
5.91041
5.89943
5.89943
5.89943
5.91506
5.91506
5.91506
5.93015
5.93015
5.93015
5.94566
5.94566
5.94566
5.96068
5.96068
5.96068
5.9697
5.9697
5.9697
5.98534
5.98534
5.98534
6.00043
6.00043
6.00043
6.01594
6.01594
6.01594
6.03096
6.03096
6.03096
7.42796
7.42796
7.42796
7.44359
7.44359
7.44359
7.45867
7.45867
7.45867
7.47417
7.47417
7.47417
7.48919
7.48919
7.48919
7.47821
7.47821
7.47821
7.49385
7.49385
7.49385
7.50893
7.50893
7.50893
7.52444
7.52444
7.52444
7.53946
7.53946
7.53946
7.54849
7.54849
7.54849
7.56412
7.56412
7.56412
7.57921
7.57921
7.57921
7.59472
7.59472
7.59472
7.60974
7.60974
7.60974
5.01122
5.01122
5.01122
5.02685
5.02685
5.02685
5.04192
5.04192
5.04192
5.05743
5.05743
5.05743
5.07245
5.07245
5.07245
5.06147
5.06147
5.06147
5.0771
5.0771
5.0771
5.09219
5.09219
5.09219
5.1077
5.1077
5.1077
5.12272
5.12272
5.12272
5.13174
5.13174
5.13174
5.14738
5.14738
5.14738
5.16247
5.16247
5.16247
5.17798
5.17798
5.17798
5.193
5.193
5.193
5.80931
5.80931
5.80931
5.82494
5.82494
5.82494
5.84001
5.84001
5.84001
5.85552
5.85552
5.85552
5.87054
5.87054
5.87054
5.85956
5.85956
5.85956
5.87519
5.87519
5.87519
5.89028
5.89028
5.89028
5.90579
5.90579
5.90579
5.92081
5.92081
5.92081
5.92983
5.92983
5.92983
5.94547
5.94547
5.94547
5.96056
5.96056
5.96056
5.97607
5.97607
5.97607
5.99109
5.99109
5.99109
7.06727
7.06727
7.06727
7.0829
7.0829
7.0829
7.09797
7.09797
7.09797
7.11348
7.11348
7.11348
7.12849
7.12849
7.12849
7.11752
7.11752
7.11752
7.13315
7.13315
7.13315
7.14823
7.14823
7.14823
7.16375
7.16375
7.16375
7.17876
7.17876
7.17876
7.18779
7.18779
7.18779
7.20343
7.20343
7.20343
7.21851
7.21851
7.21851
7.23403
7.23403
7.23403
7.24905
7.24905
7.24905
4.35608
4.35608
4.35608
4.37171
4.37171
4.37171
4.38678
4.38678
4.38678
4.40229
4.40229
4.40229
4.41731
4.41731
4.41731
4.40633
4.40633
4.40633
4.42196
4.42196
4.42196
4.43705
4.43705
4.43705
4.45256
4.45256
4.45256
4.46758
4.46758
4.46758
4.4766
4.4766
4.4766
4.49224
4.49224
4.49224
4.50733
4.50733
4.50733
4.52284
4.52284
4.52284
4.53786
4.53786
4.53786
4.49953
4.49953
4.49953
4.51516
4.51516
4.51516
4.53024
4.53024
4.53024
4.54574
4.54574
4.54574
4.56076
4.56076
4.56076
4.54978
4.54978
4.54978
4.56542
4.56542
4.56542
4.5805
4.5805
4.5805
4.59601
4.59601
4.59601
4.61103
4.61103
4.61103
4.62006
4.62006
4.62006
4.6357
4.6357
4.6357
4.65078
4.65078
4.65078
4.66629
4.66629
4.66629
4.68132
4.68132
4.68132
4.79828
4.79828
4.79828
4.81391
4.81391
4.81391
4.82899
4.82899
4.82899
4.8445
4.8445
4.8445
4.85951
4.85951
4.85951
4.84853
4.84853
4.84853
4.86417
4.86417
4.86417
4.87925
4.87925
4.87925
4.89476
4.89476
4.89476
4.90978
4.90978
4.90978
4.91881
4.91881
4.91881
4.93445
4.93445
4.93445
4.94953
4.94953
4.94953
4.96505
4.96505
4.96505
4.98007
4.98007
4.98007
5.21317
5.21317
5.21317
5.2288
5.2288
5.2288
5.24388
5.24388
5.24388
5.25939
5.25939
5.25939
5.2744
5.2744
5.2744
5.26343
5.26343
5.26343
5.27906
5.27906
5.27906
5.29414
5.29414
5.29414
5.30965
5.30965
5.30965
5.32467
5.32467
5.32467
5.3337
5.3337
5.3337
5.34934
5.34934
5.34934
5.36442
5.36442
5.36442
5.37994
5.37994
5.37994
5.39496
5.39496
5.39496
4.47449
4.47449
4.47449
4.49012
4.49012
4.49012
4.5052
4.5052
4.5052
4.52071
4.52071
4.52071
4.53572
4.53572
4.53572
4.52474
4.52474
4.52474
4.54038
4.54038
4.54038
4.55546
4.55546
4.55546
4.57097
4.57097
4.57097
4.58599
4.58599
4.58599
4.59502
4.59502
4.59502
4.61066
4.61066
4.61066
4.62574
4.62574
4.62574
4.64126
4.64126
4.64126
4.65628
4.65628
4.65628
4.73865
4.73865
4.73865
4.75428
4.75428
4.75428
4.76935
4.76935
4.76935
4.78486
4.78486
4.78486
4.79988
4.79988
4.79988
4.7889
4.7889
4.7889
4.80453
4.80453
4.80453
4.81962
4.81962
4.81962
4.83513
4.83513
4.83513
4.85015
4.85015
4.85015
4.85917
4.85917
4.85917
4.87481
4.87481
4.87481
4.8899
4.8899
4.8899
4.90541
4.90541
4.90541
4.92043
4.92043
4.92043
5.20961
5.20961
5.20961
5.22524
5.22524
5.22524
5.24031
5.24031
5.24031
5.25582
5.25582
5.25582
5.27083
5.27083
5.27083
5.25986
5.25986
5.25986
5.27549
5.27549
5.27549
5.29057
5.29057
5.29057
5.30608
5.30608
5.30608
5.3211
5.3211
5.3211
5.33013
5.33013
5.33013
5.34577
5.34577
5.34577
5.36085
5.36085
5.36085
5.37637
5.37637
5.37637
5.39139
5.39139
5.39139
6.28377
6.28377
6.28377
6.2994
6.2994
6.2994
6.31448
6.31448
6.31448
6.32998
6.32998
6.32998
6.345
6.345
6.345
6.33402
6.33402
6.33402
6.34966
6.34966
6.34966
6.36474
6.36474
6.36474
6.38025
6.38025
6.38025
6.39527
6.39527
6.39527
6.4043
6.4043
6.4043
6.41993
6.41993
6.41993
6.43502
6.43502
6.43502
6.45053
6.45053
6.45053
6.46556
6.46556
6.46556
4.74369
4.74369
4.74369
4.75932
4.75932
4.75932
4.7744
4.7744
4.7744
4.78991
4.78991
4.78991
4.80492
4.80492
4.80492
4.79394
4.79394
4.79394
4.80958
4.80958
4.80958
4.82466
4.82466
4.82466
4.84017
4.84017
4.84017
4.85519
4.85519
4.85519
4.86422
4.86422
4.86422
4.87986
4.87986
4.87986
4.89494
4.89494
4.89494
4.91045
4.91045
4.91045
4.92548
4.92548
4.92548
5.11284
5.11284
5.11284
5.12847
5.12847
5.12847
5.14354
5.14354
5.14354
5.15905
5.15905
5.15905
5.17407
5.17407
5.17407
5.16309
5.16309
5.16309
5.17872
5.17872
5.17872
5.19381
5.19381
5.19381
5.20932
5.20932
5.20932
5.22434
5.22434
5.22434
5.23336
5.23336
5.23336
5.249
5.249
5.249
5.26409
5.26409
5.26409
5.2796
5.2796
5.2796
5.29462
5.29462
5.29462
5.94119
5.94119
5.94119
5.95682
5.95682
5.95682
5.97189
5.97189
5.97189
5.9874
5.9874
5.9874
6.00241
6.00241
6.00241
5.99144
5.99144
5.99144
6.00707
6.00707
6.00707
6.02215
6.02215
6.02215
6.03767
6.03767
6.03767
6.05269
6.05269
6.05269
6.06171
6.06171
6.06171
6.07735
6.07735
6.07735
6.09243
6.09243
6.09243
6.10795
6.10795
6.10795
6.12297
6.12297
6.12297
7.51997
7.51997
7.51997
7.5356
7.5356
7.5356
7.55067
7.55067
7.55067
7.56618
7.56618
7.56618
7.5812
7.5812
7.5812
7.57022
7.57022
7.57022
7.58585
7.58585
7.58585
7.60093
7.60093
7.60093
7.61645
7.61645
7.61645
7.63147
7.63147
7.63147
7.64049
7.64049
7.64049
7.65613
7.65613
7.65613
7.67122
7.67122
7.67122
7.68673
7.68673
7.68673
7.70175
7.70175
7.70175
5.10323
5.10323
5.10323
5.11886
5.11886
5.11886
5.13393
5.13393
5.13393
5.14944
5.14944
5.14944
5.16445
5.16445
5.16445
5.15348
5.15348
5.15348
5.16911
5.16911
5.16911
5.18419
5.18419
5.18419
5.19971
5.19971
5.19971
5.21473
5.21473
5.21473
5.22375
5.22375
5.22375
5.23939
5.23939
5.23939
5.25447
5.25447
5.25447
5.26999
5.26999
5.26999
5.28501
5.28501
5.28501
5.90132
5.90132
5.90132
5.91695
5.91695
5.91695
5.93202
5.93202
5.93202
5.94753
5.94753
5.94753
5.96254
5.96254
5.96254
5.95157
5.95157
5.95157
5.9672
5.9672
5.9672
5.98228
5.98228
5.98228
5.9978
5.9978
5.9978
6.01282
6.01282
6.01282
6.02184
6.02184
6.02184
6.03748
6.03748
6.03748
6.05256
6.05256
6.05256
6.06808
6.06808
6.06808
6.0831
6.0831
6.0831
7.15927
7.15927
7.15927
7.1749
7.1749
7.1749
7.18998
7.18998
7.18998
7.20549
7.20549
7.20549
7.2205
7.2205
7.2205
7.20952
7.20952
7.20952
7.22516
7.22516
7.22516
7.24024
7.24024
7.24024
7.25575
7.25575
7.25575
7.27077
7.27077
7.27077
7.2798
7.2798
7.2798
7.29544
7.29544
7.29544
7.31052
7.31052
7.31052
7.32604
7.32604
7.32604
7.34106
7.34106
7.34106
4.54932
4.54932
4.54932
4.56495
4.56495
4.56495
4.58002
4.58002
4.58002
4.59553
4.59553
4.59553
4.61054
4.61054
4.61054
4.59957
4.59957
4.59957
4.6152
4.6152
4.6152
4.63028
4.63028
4.63028
4.6458
4.6458
4.6458
4.66082
4.66082
4.66082
4.66984
4.66984
4.66984
4.68548
4.68548
4.68548
4.70056
4.70056
4.70056
4.71608
4.71608
4.71608
4.7311
4.7311
4.7311
4.69277
4.69277
4.69277
4.7084
4.7084
4.7084
4.72348
4.72348
4.72348
4.73898
4.73898
4.73898
4.754
4.754
4.754
4.74302
4.74302
4.74302
4.75865
4.75865
4.75865
4.77374
4.77374
4.77374
4.78925
4.78925
4.78925
4.80427
4.80427
4.80427
4.8133
4.8133
4.8133
4.82893
4.82893
4.82893
4.84402
4.84402
4.84402
4.85953
4.85953
4.85953
4.87455
4.87455
4.87455
4.99152
4.99152
4.99152
5.00715
5.00715
5.00715
5.02223
5.02223
5.02223
5.03774
5.03774
5.03774
5.05275
5.05275
5.05275
5.04177
5.04177
5.04177
5.05741
5.05741
5.05741
5.07249
5.07249
5.07249
5.088
5.088
5.088
5.10302
5.10302
5.10302
5.11205
5.11205
5.11205
5.12769
5.12769
5.12769
5.14277
5.14277
5.14277
5.15828
5.15828
5.15828
5.17331
5.17331
5.17331
5.40641
5.40641
5.40641
5.42204
5.42204
5.42204
5.43712
5.43712
5.43712
5.45263
5.45263
5.45263
5.46764
5.46764
5.46764
5.45666
5.45666
5.45666
5.4723
5.4723
5.4723
5.48738
5.48738
5.48738
5.50289
5.50289
5.50289
5.51791
5.51791
5.51791
5.52694
5.52694
5.52694
5.54258
5.54258
5.54258
5.55766
5.55766
5.55766
5.57318
5.57318
5.57318
5.5882
5.5882
5.5882
4.66773
4.66773
4.66773
4.68336
4.68336
4.68336
4.69844
4.69844
4.69844
4.71395
4.71395
4.71395
4.72896
4.72896
4.72896
4.71798
4.71798
4.71798
4.73362
4.73362
4.73362
4.7487
4.7487
4.7487
4.76421
4.76421
4.76421
4.77923
4.77923
4.77923
4.78826
4.78826
4.78826
4.8039
4.8039
4.8039
4.81898
4.81898
4.81898
4.83449
4.83449
4.83449
4.84952
4.84952
4.84952
4.93189
4.93189
4.93189
4.94752
4.94752
4.94752
4.96259
4.96259
4.96259
4.9781
4.9781
4.9781
4.99311
4.99311
4.99311
4.98214
4.98214
4.98214
4.99777
4.99777
4.99777
5.01285
5.01285
5.01285
5.02837
5.02837
5.02837
5.04339
5.04339
5.04339
5.05241
5.05241
5.05241
5.06805
5.06805
5.06805
5.08313
5.08313
5.08313
5.09865
5.09865
5.09865
5.11367
5.11367
5.11367
5.40284
5.40284
5.40284
5.41847
5.41847
5.41847
5.43355
5.43355
5.43355
5.44906
5.44906
5.44906
5.46407
5.46407
5.46407
5.45309
5.45309
5.45309
5.46873
5.46873
5.46873
5.48381
5.48381
5.48381
5.49932
5.49932
5.49932
5.51434
5.51434
5.51434
5.52337
5.52337
5.52337
5.53901
5.53901
5.53901
5.55409
5.55409
5.55409
5.56961
5.56961
5.56961
5.58463
5.58463
5.58463
6.47701
6.47701
6.47701
6.49264
6.49264
6.49264
6.50771
6.50771
6.50771
6.52322
6.52322
6.52322
6.53824
6.53824
6.53824
6.52726
6.52726
6.52726
6.54289
6.54289
6.54289
6.55798
6.55798
6.55798
6.57349
6.57349
6.57349
6.58851
6.58851
6.58851
6.59753
6.59753
6.59753
6.61317
6.61317
6.61317
6.62826
6.62826
6.62826
6.64377
6.64377
6.64377
6.65879
6.65879
6.65879
4.93693
4.93693
4.93693
4.95256
4.95256
4.95256
4.96764
4.96764
4.96764
4.98314
4.98314
4.98314
4.99816
4.99816
4.99816
4.98718
4.98718
4.98718
5.00282
5.00282
5.00282
5.0179
5.0179
5.0179
5.03341
5.03341
5.03341
5.04843
5.04843
5.04843
5.05746
5.05746
5.05746
5.07309
5.07309
5.07309
5.08818
5.08818
5.08818
5.10369
5.10369
5.10369
5.11871
5.11871
5.11871
5.30608
5.30608
5.30608
5.32171
5.32171
5.32171
5.33678
5.33678
5.33678
5.35229
5.35229
5.35229
5.3673
5.3673
5.3673
5.35633
5.35633
5.35633
5.37196
5.37196
5.37196
5.38704
5.38704
5.38704
5.40256
5.40256
5.40256
5.41758
5.41758
5.41758
5.4266
5.4266
5.4266
5.44224
5.44224
5.44224
5.45732
5.45732
5.45732
5.47284
5.47284
5.47284
5.48786
5.48786
5.48786
6.13442
6.13442
6.13442
6.15005
6.15005
6.15005
6.16513
6.16513
6.16513
6.18064
6.18064
6.18064
6.19565
6.19565
6.19565
6.18468
6.18468
6.18468
6.20031
6.20031
6.20031
6.21539
6.21539
6.21539
6.2309
6.2309
6.2309
6.24592
6.24592
6.24592
6.25495
6.25495
6.25495
6.27059
6.27059
6.27059
6.28567
6.28567
6.28567
6.30119
6.30119
6.30119
6.31621
6.31621
6.31621
7.71321
7.71321
7.71321
7.72884
7.72884
7.72884
7.74391
7.74391
7.74391
7.75942
7.75942
7.75942
7.77443
7.77443
7.77443
7.76346
7.76346
7.76346
7.77909
7.77909
7.77909
7.79417
7.79417
7.79417
7.80969
7.80969
7.80969
7.8247
7.8247
7.8247
7.83373
7.83373
7.83373
7.84937
7.84937
7.84937
7.86445
7.86445
7.86445
7.87997
7.87997
7.87997
7.89499
7.89499
7.89499
5.29646
5.29646
5.29646
5.31209
5.31209
5.31209
5.32717
5.32717
5.32717
5.34268
5.34268
5.34268
5.35769
5.35769
5.35769
5.34671
5.34671
5.34671
5.36235
5.36235
5.36235
5.37743
5.37743
5.37743
5.39294
5.39294
5.39294
5.40796
5.40796
5.40796
5.41699
5.41699
5.41699
5.43263
5.43263
5.43263
5.44771
5.44771
5.44771
5.46323
5.46323
5.46323
5.47825
5.47825
5.47825
6.09455
6.09455
6.09455
6.11018
6.11018
6.11018
6.12526
6.12526
6.12526
6.14077
6.14077
6.14077
6.15578
6.15578
6.15578
6.14481
6.14481
6.14481
6.16044
6.16044
6.16044
6.17552
6.17552
6.17552
6.19103
6.19103
6.19103
6.20605
6.20605
6.20605
6.21508
6.21508
6.21508
6.23072
6.23072
6.23072
6.2458
6.2458
6.2458
6.26132
6.26132
6.26132
6.27634
6.27634
6.27634
7.35251
7.35251
7.35251
7.36814
7.36814
7.36814
7.38322
7.38322
7.38322
7.39873
7.39873
7.39873
7.41374
7.41374
7.41374
7.40276
7.40276
7.40276
7.4184
7.4184
7.4184
7.43348
7.43348
7.43348
7.44899
7.44899
7.44899
7.46401
7.46401
7.46401
7.47304
7.47304
7.47304
7.48868
7.48868
7.48868
7.50376
7.50376
7.50376
7.51927
7.51927
7.51927
7.5343
7.5343
7.5343
5.55355
5.55355
5.55355
5.56918
5.56918
5.56918
5.58426
5.58426
5.58426
5.59976
5.59976
5.59976
5.61478
5.61478
5.61478
5.6038
5.6038
5.6038
5.61944
5.61944
5.61944
5.63452
5.63452
5.63452
5.65003
5.65003
5.65003
5.66505
5.66505
5.66505
5.67408
5.67408
5.67408
5.68971
5.68971
5.68971
5.7048
5.7048
5.7048
5.72031
5.72031
5.72031
5.73534
5.73534
5.73534
5.697
5.697
5.697
5.71263
5.71263
5.71263
5.72771
5.72771
5.72771
5.74322
5.74322
5.74322
5.75823
5.75823
5.75823
5.74725
5.74725
5.74725
5.76289
5.76289
5.76289
5.77797
5.77797
5.77797
5.79348
5.79348
5.79348
5.8085
5.8085
5.8085
5.81753
5.81753
5.81753
5.83317
5.83317
5.83317
5.84825
5.84825
5.84825
5.86377
5.86377
5.86377
5.87879
5.87879
5.87879
5.99576
5.99576
5.99576
6.01139
6.01139
6.01139
6.02646
6.02646
6.02646
6.04197
6.04197
6.04197
6.05698
6.05698
6.05698
6.04601
6.04601
6.04601
6.06164
6.06164
6.06164
6.07672
6.07672
6.07672
6.09224
6.09224
6.09224
6.10726
6.10726
6.10726
6.11628
6.11628
6.11628
6.13192
6.13192
6.13192
6.147
6.147
6.147
6.16252
6.16252
6.16252
6.17754
6.17754
6.17754
6.41065
6.41065
6.41065
6.42628
6.42628
6.42628
6.44135
6.44135
6.44135
6.45686
6.45686
6.45686
6.47187
6.47187
6.47187
6.4609
6.4609
6.4609
6.47653
6.47653
6.47653
6.49161
6.49161
6.49161
6.50713
6.50713
6.50713
6.52215
6.52215
6.52215
6.53117
6.53117
6.53117
6.54681
6.54681
6.54681
6.56189
6.56189
6.56189
6.57741
6.57741
6.57741
6.59243
6.59243
6.59243
5.67197
5.67197
5.67197
5.6876
5.6876
5.6876
5.70267
5.70267
5.70267
5.71818
5.71818
5.71818
5.73319
5.73319
5.73319
5.72222
5.72222
5.72222
5.73785
5.73785
5.73785
5.75293
5.75293
5.75293
5.76845
5.76845
5.76845
5.78347
5.78347
5.78347
5.79249
5.79249
5.79249
5.80813
5.80813
5.80813
5.82321
5.82321
5.82321
5.83873
5.83873
5.83873
5.85375
5.85375
5.85375
5.93612
5.93612
5.93612
5.95175
5.95175
5.95175
5.96683
5.96683
5.96683
5.98233
5.98233
5.98233
5.99735
5.99735
5.99735
5.98637
5.98637
5.98637
6.00201
6.00201
6.00201
6.01709
6.01709
6.01709
6.0326
6.0326
6.0326
6.04762
6.04762
6.04762
6.05665
6.05665
6.05665
6.07228
6.07228
6.07228
6.08737
6.08737
6.08737
6.10288
6.10288
6.10288
6.11791
6.11791
6.11791
6.40708
6.40708
6.40708
6.42271
6.42271
6.42271
6.43778
6.43778
6.43778
6.45329
6.45329
6.45329
6.46831
6.46831
6.46831
6.45733
6.45733
6.45733
6.47296
6.47296
6.47296
6.48804
6.48804
6.48804
6.50356
6.50356
6.50356
6.51858
6.51858
6.51858
6.5276
6.5276
6.5276
6.54324
6.54324
6.54324
6.55832
6.55832
6.55832
6.57384
6.57384
6.57384
6.58886
6.58886
6.58886
7.48124
7.48124
7.48124
7.49687
7.49687
7.49687
7.51195
7.51195
7.51195
7.52746
7.52746
7.52746
7.54247
7.54247
7.54247
7.53149
7.53149
7.53149
7.54713
7.54713
7.54713
7.56221
7.56221
7.56221
7.57772
7.57772
7.57772
7.59274
7.59274
7.59274
7.60177
7.60177
7.60177
7.61741
7.61741
7.61741
7.63249
7.63249
7.63249
7.64801
7.64801
7.64801
7.66303
7.66303
7.66303
5.94116
5.94116
5.94116
5.95679
5.95679
5.95679
5.97187
5.97187
5.97187
5.98738
5.98738
5.98738
6.00239
6.00239
6.00239
5.99141
5.99141
5.99141
6.00705
6.00705
6.00705
6.02213
6.02213
6.02213
6.03764
6.03764
6.03764
6.05266
6.05266
6.05266
6.06169
6.06169
6.06169
6.07733
6.07733
6.07733
6.09241
6.09241
6.09241
6.10793
6.10793
6.10793
6.12295
6.12295
6.12295
6.31031
6.31031
6.31031
6.32594
6.32594
6.32594
6.34102
6.34102
6.34102
6.35652
6.35652
6.35652
6.37154
6.37154
6.37154
6.36056
6.36056
6.36056
6.3762
6.3762
6.3762
6.39128
6.39128
6.39128
6.40679
6.40679
6.40679
6.42181
6.42181
6.42181
6.43084
6.43084
6.43084
6.44647
6.44647
6.44647
6.46156
6.46156
6.46156
6.47707
6.47707
6.47707
6.4921
6.4921
6.4921
7.13866
7.13866
7.13866
7.15429
7.15429
7.15429
7.16937
7.16937
7.16937
7.18487
7.18487
7.18487
7.19989
7.19989
7.19989
7.18891
7.18891
7.18891
7.20454
7.20454
7.20454
7.21963
7.21963
7.21963
7.23514
7.23514
7.23514
7.25016
7.25016
7.25016
7.25918
7.25918
7.25918
7.27482
7.27482
7.27482
7.28991
7.28991
7.28991
7.30542
7.30542
7.30542
7.32044
7.32044
7.32044
8.71744
8.71744
8.71744
8.73307
8.73307
8.73307
8.74815
8.74815
8.74815
8.76365
8.76365
8.76365
8.77867
8.77867
8.77867
8.76769
8.76769
8.76769
8.78333
8.78333
8.78333
8.79841
8.79841
8.79841
8.81392
8.81392
8.81392
8.82894
8.82894
8.82894
8.83797
8.83797
8.83797
8.8536
8.8536
8.8536
8.86869
8.86869
8.86869
8.8842
8.8842
8.8842
8.89922
8.89922
8.89922
6.3007
6.3007
6.3007
6.31633
6.31633
6.31633
6.33141
6.33141
6.33141
6.34691
6.34691
6.34691
6.36193
6.36193
6.36193
6.35095
6.35095
6.35095
6.36658
6.36658
6.36658
6.38167
6.38167
6.38167
6.39718
6.39718
6.39718
6.4122
6.4122
6.4122
6.42122
6.42122
6.42122
6.43686
6.43686
6.43686
6.45195
6.45195
6.45195
6.46746
6.46746
6.46746
6.48248
6.48248
6.48248
7.09879
7.09879
7.09879
7.11442
7.11442
7.11442
7.1295
7.1295
7.1295
7.145
7.145
7.145
7.16002
7.16002
7.16002
7.14904
7.14904
7.14904
7.16467
7.16467
7.16467
7.17976
7.17976
7.17976
7.19527
7.19527
7.19527
7.21029
7.21029
7.21029
7.21932
7.21932
7.21932
7.23495
7.23495
7.23495
7.25004
7.25004
7.25004
7.26555
7.26555
7.26555
7.28057
7.28057
7.28057
8.35675
8.35675
8.35675
8.37238
8.37238
8.37238
8.38745
8.38745
8.38745
8.40296
8.40296
8.40296
8.41797
8.41797
8.41797
8.407
8.407
8.407
8.42263
8.42263
8.42263
8.43771
8.43771
8.43771
8.45323
8.45323
8.45323
8.46825
8.46825
8.46825
8.47727
8.47727
8.47727
8.49291
8.49291
8.49291
8.50799
8.50799
8.50799
8.52351
8.52351
8.52351
8.53853
8.53853
8.53853
7.58393
7.58393
7.58393
7.59956
7.59956
7.59956
7.61463
7.61463
7.61463
7.63014
7.63014
7.63014
7.64515
7.64515
7.64515
7.63418
7.63418
7.63418
7.64981
7.64981
7.64981
7.66489
7.66489
7.66489
7.68041
7.68041
7.68041
7.69543
7.69543
7.69543
7.70445
7.70445
7.70445
7.72009
7.72009
7.72009
7.73517
7.73517
7.73517
7.75069
7.75069
7.75069
7.76571
7.76571
7.76571
7.72738
7.72738
7.72738
7.74301
7.74301
7.74301
7.75809
7.75809
7.75809
7.77359
7.77359
7.77359
7.78861
7.78861
7.78861
7.77763
7.77763
7.77763
7.79326
7.79326
7.79326
7.80835
7.80835
7.80835
7.82386
7.82386
7.82386
7.83888
7.83888
7.83888
7.84791
7.84791
7.84791
7.86354
7.86354
7.86354
7.87863
7.87863
7.87863
7.89414
7.89414
7.89414
7.90916
7.90916
7.90916
8.02613
8.02613
8.02613
8.04176
8.04176
8.04176
8.05684
8.05684
8.05684
8.07235
8.07235
8.07235
8.08736
8.08736
8.08736
8.07638
8.07638
8.07638
8.09202
8.09202
8.09202
8.1071
8.1071
8.1071
8.12261
8.12261
8.12261
8.13763
8.13763
8.13763
8.14666
8.14666
8.14666
8.1623
8.1623
8.1623
8.17738
8.17738
8.17738
8.19289
8.19289
8.19289
8.20792
8.20792
8.20792
8.44102
8.44102
8.44102
8.45665
8.45665
8.45665
8.47173
8.47173
8.47173
8.48724
8.48724
8.48724
8.50225
8.50225
8.50225
8.49127
8.49127
8.49127
8.50691
8.50691
8.50691
8.52199
8.52199
8.52199
8.5375
8.5375
8.5375
8.55252
8.55252
8.55252
8.56155
8.56155
8.56155
8.57719
8.57719
8.57719
8.59227
8.59227
8.59227
8.60779
8.60779
8.60779
8.62281
8.62281
8.62281
7.70234
7.70234
7.70234
7.71797
7.71797
7.71797
7.73305
7.73305
7.73305
7.74856
7.74856
7.74856
7.76357
7.76357
7.76357
7.75259
7.75259
7.75259
7.76823
7.76823
7.76823
7.78331
7.78331
7.78331
7.79882
7.79882
7.79882
7.81384
7.81384
7.81384
7.82287
7.82287
7.82287
7.83851
7.83851
7.83851
7.85359
7.85359
7.85359
7.8691
7.8691
7.8691
7.88413
7.88413
7.88413
7.9665
7.9665
7.9665
7.98213
7.98213
7.98213
7.9972
7.9972
7.9972
8.01271
8.01271
8.01271
8.02772
8.02772
8.02772
8.01675
8.01675
8.01675
8.03238
8.03238
8.03238
8.04746
8.04746
8.04746
8.06298
8.06298
8.06298
8.078
8.078
8.078
8.08702
8.08702
8.08702
8.10266
8.10266
8.10266
8.11774
8.11774
8.11774
8.13326
8.13326
8.13326
8.14828
8.14828
8.14828
8.43745
8.43745
8.43745
8.45308
8.45308
8.45308
8.46816
8.46816
8.46816
8.48367
8.48367
8.48367
8.49868
8.49868
8.49868
8.4877
8.4877
8.4877
8.50334
8.50334
8.50334
8.51842
8.51842
8.51842
8.53393
8.53393
8.53393
8.54895
8.54895
8.54895
8.55798
8.55798
8.55798
8.57362
8.57362
8.57362
8.5887
8.5887
8.5887
8.60422
8.60422
8.60422
8.61924
8.61924
8.61924
9.51162
9.51162
9.51162
9.52725
9.52725
9.52725
9.54233
9.54233
9.54233
9.55783
9.55783
9.55783
9.57285
9.57285
9.57285
9.56187
9.56187
9.56187
9.5775
9.5775
9.5775
9.59259
9.59259
9.59259
9.6081
9.6081
9.6081
9.62312
9.62312
9.62312
9.63215
9.63215
9.63215
9.64778
9.64778
9.64778
9.66287
9.66287
9.66287
9.67838
9.67838
9.67838
9.6934
9.6934
9.6934
7.97154
7.97154
7.97154
7.98717
7.98717
7.98717
8.00225
8.00225
8.00225
8.01775
8.01775
8.01775
8.03277
8.03277
8.03277
8.02179
8.02179
8.02179
8.03743
8.03743
8.03743
8.05251
8.05251
8.05251
8.06802
8.06802
8.06802
8.08304
8.08304
8.08304
8.09207
8.09207
8.09207
8.1077
8.1077
8.1077
8.12279
8.12279
8.12279
8.1383
8.1383
8.1383
8.15332
8.15332
8.15332
8.34069
8.34069
8.34069
8.35632
8.35632
8.35632
8.37139
8.37139
8.37139
8.3869
8.3869
8.3869
8.40191
8.40191
8.40191
8.39094
8.39094
8.39094
8.40657
8.40657
8.40657
8.42165
8.42165
8.42165
8.43717
8.43717
8.43717
8.45219
8.45219
8.45219
8.46121
8.46121
8.46121
8.47685
8.47685
8.47685
8.49193
8.49193
8.49193
8.50745
8.50745
8.50745
8.52247
8.52247
8.52247
9.16903
9.16903
9.16903
9.18466
9.18466
9.18466
9.19974
9.19974
9.19974
9.21525
9.21525
9.21525
9.23026
9.23026
9.23026
9.21929
9.21929
9.21929
9.23492
9.23492
9.23492
9.25
9.25
9.25
9.26551
9.26551
9.26551
9.28053
9.28053
9.28053
9.28956
9.28956
9.28956
9.3052
9.3052
9.3052
9.32028
9.32028
9.32028
9.3358
9.3358
9.3358
9.35082
9.35082
9.35082
10.7478
10.7478
10.7478
10.7634
10.7634
10.7634
10.7785
10.7785
10.7785
10.794
10.794
10.794
10.809
10.809
10.809
10.7981
10.7981
10.7981
10.8137
10.8137
10.8137
10.8288
10.8288
10.8288
10.8443
10.8443
10.8443
10.8593
10.8593
10.8593
10.8683
10.8683
10.8683
10.884
10.884
10.884
10.8991
10.8991
10.8991
10.9146
10.9146
10.9146
10.9296
10.9296
10.9296
8.33107
8.33107
8.33107
8.3467
8.3467
8.3467
8.36178
8.36178
8.36178
8.37729
8.37729
8.37729
8.3923
8.3923
8.3923
8.38133
8.38133
8.38133
8.39696
8.39696
8.39696
8.41204
8.41204
8.41204
8.42755
8.42755
8.42755
8.44257
8.44257
8.44257
8.4516
8.4516
8.4516
8.46724
8.46724
8.46724
8.48232
8.48232
8.48232
8.49784
8.49784
8.49784
8.51286
8.51286
8.51286
9.12916
9.12916
9.12916
9.14479
9.14479
9.14479
9.15987
9.15987
9.15987
9.17538
9.17538
9.17538
9.19039
9.19039
9.19039
9.17942
9.17942
9.17942
9.19505
9.19505
9.19505
9.21013
9.21013
9.21013
9.22564
9.22564
9.22564
9.24066
9.24066
9.24066
9.24969
9.24969
9.24969
9.26533
9.26533
9.26533
9.28041
9.28041
9.28041
9.29593
9.29593
9.29593
9.31095
9.31095
9.31095
10.3871
10.3871
10.3871
10.4028
10.4028
10.4028
10.4178
10.4178
10.4178
10.4333
10.4333
10.4333
10.4483
10.4483
10.4483
10.4374
10.4374
10.4374
10.453
10.453
10.453
10.4681
10.4681
10.4681
10.4836
10.4836
10.4836
10.4986
10.4986
10.4986
10.5076
10.5076
10.5076
10.5233
10.5233
10.5233
10.5384
10.5384
10.5384
10.5539
10.5539
10.5539
10.5689
10.5689
10.5689
