[16, 16, 1024, 4, 2, 1, 128, 1, 1, 1, 2]--1.2946740756375783
[16, 16, 1024, 4, 4, 1, 128, 1, 1, 1, 2]--1.2946137679762855
[16, 16, 2048, 16, 10, 5, 32, 5, 2, 2, 8]--0.6060673212852941
[16, 16, 2048, 2, 2, 1, 128, 1, 1, 1, 2]--1.294682543324309
[16, 16, 2048, 2, 4, 1, 128, 1, 1, 1, 2]--1.294613863264048
[16, 16, 512, 8, 2, 1, 128, 1, 1, 1, 2]--1.2945673237963118
[16, 16, 512, 8, 4, 1, 128, 1, 1, 1, 2]--1.2945441835777907
[16, 2, 1024, 2, 10, 4, 128, 4, 1, 1, 16]--0.5564591678141175
[16, 2, 1024, 2, 10, 5, 96, 5, 1, 2, 24]--0.5203142814350209
[16, 2, 1024, 4, 10, 2, 160, 1, 2, 2, 16]--0.8868870989452045
[16, 2, 128, 16, 2, 3, 128, 1, 2, 1, 8]--0.879227555177905
[16, 2, 128, 16, 2, 4, 64, 4, 1, 1, 4]--1.1374279775641516
[16, 2, 128, 2, 2, 1, 32, 1, 1, 1, 2]--1.3600345367139952
[16, 2, 128, 2, 2, 1, 64, 1, 1, 1, 2]--1.3600345367139952
[16, 2, 128, 2, 2, 1, 96, 1, 1, 1, 2]--1.3600345367139952
[16, 2, 128, 2, 2, 2, 32, 2, 1, 1, 2]--1.4623729513525088
[16, 2, 128, 2, 2, 4, 160, 4, 2, 2, 4]--1.0629330712873164
[16, 2, 128, 2, 2, 5, 32, 5, 1, 1, 8]--0.7273191322873588
[16, 2, 128, 2, 8, 2, 64, 2, 1, 1, 8]--0.807528465581273
[16, 2, 128, 4, 2, 1, 128, 1, 1, 1, 2]--1.3566797241261164
[16, 2, 128, 4, 2, 1, 32, 1, 1, 1, 8]--1.0380986759991189
[16, 2, 128, 4, 8, 4, 96, 4, 1, 1, 24]--0.5587898191376373
[16, 2, 128, 4, 8, 5, 160, 5, 1, 1, 16]--0.5424787606196901
[16, 2, 128, 8, 2, 1, 128, 1, 1, 1, 2]--1.356246854814409
[16, 2, 128, 8, 2, 3, 128, 1, 1, 1, 4]--1.0543157013224773
[16, 2, 128, 8, 4, 1, 96, 1, 1, 1, 2]--1.3571464625606857
[16, 2, 128, 8, 4, 1, 96, 1, 1, 1, 4]--1.0955963779864786
[16, 2, 128, 8, 4, 2, 32, 1, 1, 1, 2]--1.4931725083135245
[16, 2, 128, 8, 4, 4, 128, 3, 1, 2, 4]--1.0555536876853011
[16, 2, 2048, 2, 10, 5, 128, 1, 2, 1, 16]--0.7903711876813798
[16, 2, 2048, 2, 10, 5, 160, 5, 1, 1, 8]--0.7223933810438549
[16, 2, 2048, 2, 2, 4, 160, 2, 1, 2, 24]--0.5477207117302846
[16, 2, 2048, 2, 6, 2, 160, 1, 1, 2, 4]--1.0519145616812353
[16, 2, 2048, 4, 4, 5, 32, 1, 1, 1, 8]--0.8961733434607255
[16, 2, 2048, 8, 10, 5, 64, 5, 2, 1, 16]--0.5426444967448115
[16, 2, 256, 16, 4, 4, 96, 1, 1, 1, 24]--0.7902440217200268
[16, 2, 256, 16, 6, 3, 32, 3, 1, 1, 4]--1.0838544866563353
[16, 2, 256, 2, 2, 2, 32, 2, 1, 1, 2]--1.4533898758766262
[16, 2, 256, 2, 2, 5, 96, 4, 2, 2, 24]--0.523763491476413
[16, 2, 256, 4, 10, 4, 160, 4, 2, 1, 24]--0.5572826721521424
[16, 2, 256, 4, 4, 5, 32, 5, 1, 1, 8]--0.7195898393621557
[16, 2, 256, 8, 8, 4, 32, 1, 1, 1, 4]--1.2264117925753848
[16, 2, 512, 2, 4, 2, 160, 1, 1, 2, 2]--1.4934172184822663
[16, 2, 512, 2, 4, 4, 64, 4, 1, 1, 4]--1.1358764172179663
[16, 2, 512, 2, 8, 3, 160, 3, 1, 1, 4]--1.085250030181194
[16, 2, 512, 2, 8, 4, 128, 4, 1, 1, 16]--0.5562141345294221
[16, 2, 512, 4, 4, 1, 64, 1, 1, 1, 2]--1.3551542536186771
[16, 2, 512, 8, 6, 2, 64, 1, 1, 1, 4]--1.0696513570065098
[16, 4, 1024, 2, 8, 4, 128, 4, 1, 1, 8]--0.6313809935720115
[16, 4, 1024, 8, 10, 2, 160, 1, 1, 1, 2]--1.4204131952039132
[16, 4, 1024, 8, 10, 2, 32, 2, 2, 2, 2]--1.3782916674314594
[16, 4, 128, 16, 8, 4, 64, 3, 2, 1, 4]--1.0886783860235743
[16, 4, 128, 2, 2, 4, 96, 1, 1, 1, 4]--1.1847901168157173
[16, 4, 128, 2, 4, 1, 32, 1, 1, 1, 2]--1.3073978557782173
[16, 4, 128, 2, 6, 4, 160, 2, 1, 2, 8]--0.7210232248224555
[16, 4, 128, 4, 10, 4, 96, 3, 1, 2, 16]--0.4676261796507852
[16, 4, 128, 8, 6, 4, 32, 1, 1, 1, 4]--1.1735656865142439
[16, 4, 128, 8, 6, 5, 160, 5, 1, 1, 16]--0.477836735816703
[16, 4, 128, 8, 8, 2, 32, 2, 1, 1, 2]--1.3791589931534927
[16, 4, 2048, 2, 10, 2, 160, 1, 2, 1, 4]--1.0055531761934626
[16, 4, 2048, 2, 2, 3, 32, 3, 1, 1, 4]--1.0406907797213163
[16, 4, 2048, 2, 4, 3, 160, 3, 1, 1, 4]--1.0405955573894505
[16, 4, 256, 2, 6, 5, 128, 2, 1, 1, 24]--0.5190794722026096
[16, 4, 512, 2, 10, 2, 128, 2, 1, 2, 2]--1.378533048022992
[16, 4, 512, 2, 10, 4, 128, 4, 1, 2, 4]--1.0064944889687677
[16, 4, 512, 2, 4, 3, 32, 2, 2, 2, 4]--1.0007511213332212
[16, 4, 512, 4, 2, 5, 32, 3, 2, 1, 8]--0.6721996711069269
[16, 4, 512, 4, 8, 2, 64, 1, 1, 1, 2]--1.420551727302624
[16, 4, 512, 8, 6, 3, 32, 1, 1, 1, 4]--1.0059623872166663
[16, 8, 1024, 2, 2, 5, 128, 5, 1, 1, 8]--0.6719139948619434
[16, 8, 128, 16, 10, 5, 160, 2, 1, 2, 24]--0.4694495088967101
[16, 8, 128, 2, 8, 4, 96, 4, 1, 1, 8]--0.6410248572978673
[16, 8, 128, 4, 2, 3, 128, 3, 1, 1, 4]--1.0406335772402453
[16, 8, 128, 8, 8, 3, 128, 3, 1, 1, 8]--0.6699050789124192
[16, 8, 2048, 2, 6, 3, 96, 3, 2, 1, 4]--1.0402518606819189
[16, 8, 2048, 2, 8, 2, 32, 1, 1, 1, 24]--0.8411020967554438
[16, 8, 256, 2, 10, 3, 32, 1, 2, 2, 16]--0.7574611126563823
[16, 8, 256, 4, 2, 4, 32, 4, 1, 1, 24]--0.589701306402411
[16, 8, 256, 4, 8, 3, 128, 3, 1, 1, 16]--0.5012341018642198
[16, 8, 256, 8, 2, 3, 32, 1, 2, 1, 16]--0.7580264100945794
[16, 8, 512, 2, 4, 2, 96, 1, 2, 1, 2]--1.4199428835399357
[16, 8, 512, 2, 6, 4, 32, 4, 1, 1, 16]--0.5895408794843032
[16, 8, 512, 4, 4, 5, 96, 1, 2, 1, 8]--0.8560574452834745
[32, 16, 1024, 4, 4, 1, 128, 1, 1, 1, 4]--1.0481759640240451
[32, 16, 1024, 8, 10, 4, 96, 4, 2, 2, 24]--0.46656503599101373
[32, 16, 128, 2, 4, 3, 160, 1, 1, 2, 24]--0.7654490411256172
[32, 16, 128, 4, 8, 3, 160, 3, 1, 2, 4]--0.9989172874880611
[32, 16, 2048, 2, 2, 1, 96, 1, 1, 1, 2]--1.2946308252609102
[32, 16, 512, 16, 8, 5, 160, 1, 2, 2, 8]--0.8547409748478615
[32, 16, 512, 4, 6, 4, 64, 3, 2, 1, 8]--0.6307725576377023
[32, 16, 512, 8, 2, 2, 160, 1, 1, 1, 8]--0.8415118551986369
[32, 16, 512, 8, 2, 3, 160, 3, 1, 1, 8]--0.6697147031717818
[32, 16, 512, 8, 4, 2, 128, 1, 1, 1, 4]--1.004762210669126
[32, 2, 1024, 2, 2, 4, 128, 4, 1, 1, 16]--0.5112910078462418
[32, 2, 1024, 2, 4, 4, 64, 4, 1, 1, 8]--0.6411823500284263
[32, 2, 128, 16, 8, 4, 160, 1, 1, 2, 24]--0.7657997252155255
[32, 2, 128, 2, 10, 4, 96, 4, 1, 1, 16]--0.5175262584414414
[32, 2, 128, 2, 2, 1, 32, 1, 1, 1, 4]--1.0659787759297386
[32, 2, 128, 2, 6, 3, 64, 3, 1, 1, 8]--0.684083475975058
[32, 2, 128, 2, 8, 3, 32, 3, 1, 1, 4]--1.0541439284071477
[32, 2, 128, 2, 8, 5, 160, 5, 1, 1, 24]--0.4979628016444302
[32, 2, 128, 4, 10, 4, 128, 4, 1, 2, 24]--0.4788013784987812
[32, 2, 128, 4, 10, 4, 64, 4, 2, 1, 16]--0.511609585377409
[32, 2, 128, 4, 2, 4, 128, 4, 1, 1, 8]--0.6417225901206908
[32, 2, 128, 4, 4, 2, 32, 2, 2, 1, 8]--0.7486608317374466
[32, 2, 128, 4, 4, 4, 128, 4, 1, 1, 16]--0.5119405129239661
[32, 2, 128, 4, 6, 4, 128, 4, 1, 1, 16]--0.5121048095261382
[32, 2, 2048, 2, 6, 5, 160, 1, 1, 2, 8]--0.8633392478615236
[32, 2, 2048, 4, 4, 2, 64, 1, 1, 2, 2]--1.4289097822562389
[32, 2, 2048, 4, 8, 2, 128, 2, 1, 2, 2]--1.3877659810419436
[32, 2, 2048, 4, 8, 3, 128, 2, 1, 1, 24]--0.5349986627440492
[32, 2, 256, 16, 8, 2, 96, 1, 1, 2, 4]--1.015829058103358
[32, 2, 256, 2, 8, 1, 32, 1, 1, 1, 16]--1.0124073635021758
[32, 2, 256, 2, 8, 4, 160, 1, 1, 1, 24]--0.7665944840676142
[32, 2, 256, 2, 8, 4, 64, 4, 1, 1, 16]--0.5122996164249584
[32, 2, 256, 2, 8, 5, 160, 5, 1, 1, 8]--0.6807013495484949
[32, 2, 256, 4, 4, 2, 64, 2, 2, 1, 2]--1.3885609527771998
[32, 2, 256, 4, 6, 2, 160, 1, 2, 2, 8]--0.8502861757679024
[32, 2, 256, 8, 2, 3, 128, 3, 1, 1, 4]--1.0479815809904574
[32, 2, 256, 8, 8, 2, 96, 2, 1, 1, 16]--0.7644879654442446
[32, 2, 512, 4, 4, 2, 32, 1, 2, 2, 16]--0.8488054085472178
[32, 2, 512, 4, 4, 5, 160, 5, 1, 1, 24]--0.49076505053777575
[32, 2, 512, 8, 2, 3, 32, 3, 1, 2, 8]--0.601340984458334
[32, 2, 512, 8, 2, 4, 128, 4, 1, 1, 4]--1.0962411323672796
[32, 2, 512, 8, 4, 4, 128, 4, 1, 1, 8]--0.6409949383493395
[32, 2, 512, 8, 6, 4, 32, 1, 1, 1, 24]--0.7677866246905278
[32, 4, 1024, 2, 10, 5, 128, 5, 1, 2, 8]--0.6065947920168709
[32, 4, 1024, 2, 6, 4, 128, 4, 1, 1, 16]--0.5004195182188586
[32, 4, 1024, 4, 8, 2, 96, 2, 1, 2, 24]--0.7294395932657585
[32, 4, 1024, 4, 8, 3, 128, 3, 1, 1, 16]--0.501451031691938
[32, 4, 128, 16, 2, 4, 32, 4, 1, 1, 16]--0.5895843904168628
[32, 4, 128, 16, 4, 2, 96, 2, 1, 1, 4]--0.9618536612225794
[32, 4, 128, 2, 4, 4, 128, 4, 1, 1, 16]--0.51227524046176
[32, 4, 128, 2, 6, 4, 96, 4, 1, 1, 16]--0.5120655190541978
[32, 4, 128, 4, 6, 2, 128, 2, 1, 1, 16]--0.754854918396378
[32, 4, 128, 4, 6, 4, 128, 4, 1, 1, 4]--1.088638256577188
[32, 4, 128, 8, 4, 3, 96, 3, 1, 2, 8]--0.5898804884385555
[32, 4, 128, 8, 6, 4, 128, 4, 1, 1, 8]--0.6311442967020037
[32, 4, 128, 8, 8, 5, 96, 5, 1, 2, 8]--0.6066414917873452
[32, 4, 256, 16, 2, 3, 128, 3, 1, 2, 16]--0.4808271848695833
[32, 4, 256, 2, 4, 3, 96, 1, 1, 1, 16]--0.7580693719177758
[32, 4, 256, 4, 4, 2, 64, 1, 2, 2, 4]--1.0045059513430672
[32, 4, 256, 4, 4, 2, 64, 2, 2, 2, 4]--0.9207398309193892
[32, 4, 256, 4, 6, 2, 32, 1, 1, 2, 16]--0.84048139474767
[32, 4, 256, 4, 6, 2, 96, 2, 1, 1, 16]--0.7547742252256524
[32, 4, 256, 4, 8, 5, 128, 4, 1, 2, 16]--0.4564422390698712
[32, 4, 256, 4, 8, 5, 96, 5, 2, 2, 8]--0.6065789473684211
[32, 4, 256, 8, 10, 4, 32, 4, 1, 2, 24]--0.5486751156475268
[32, 4, 256, 8, 2, 2, 96, 2, 1, 2, 2]--1.3777934819519269
[32, 4, 256, 8, 2, 3, 96, 3, 1, 1, 8]--0.6700931037223149
[32, 4, 256, 8, 8, 3, 128, 3, 1, 1, 4]--1.0403813089825393
[32, 4, 512, 16, 2, 2, 96, 1, 1, 1, 16]--0.8414829815644449
[32, 4, 512, 2, 2, 4, 128, 4, 1, 1, 16]--0.500482149024546
[32, 4, 512, 2, 8, 3, 96, 3, 2, 1, 16]--0.5015671226680359
[32, 4, 512, 8, 2, 5, 160, 3, 1, 2, 24]--0.45181013799532377
[32, 8, 1024, 2, 2, 3, 128, 3, 1, 1, 16]--0.5010506368769724
[32, 8, 1024, 2, 2, 3, 32, 3, 1, 1, 8]--0.6706346113584232
[32, 8, 1024, 2, 6, 3, 64, 3, 1, 1, 16]--0.5010789184530204
[32, 8, 1024, 2, 8, 4, 32, 3, 1, 1, 8]--0.6313629840865224
[32, 8, 1024, 2, 8, 4, 32, 4, 1, 1, 8]--0.6313598109917584
[32, 8, 1024, 4, 10, 2, 128, 2, 1, 1, 2]--1.3784430121079003
[32, 8, 1024, 8, 2, 1, 64, 1, 1, 1, 8]--1.0069625335546089
[32, 8, 1024, 8, 4, 1, 64, 1, 1, 1, 8]--1.0070420165496565
[32, 8, 128, 2, 4, 5, 160, 1, 1, 1, 24]--0.765462523153667
[32, 8, 128, 2, 4, 5, 64, 4, 1, 1, 24]--0.49043791214249144
[32, 8, 128, 2, 6, 3, 32, 3, 1, 1, 16]--0.5844449572338712
[32, 8, 128, 2, 6, 4, 64, 4, 1, 1, 16]--0.5105481459746032
[32, 8, 128, 4, 2, 3, 64, 3, 1, 1, 16]--0.5013288016028145
[32, 8, 128, 8, 4, 4, 160, 2, 2, 1, 16]--0.5405992147609056
[32, 8, 2048, 2, 10, 2, 64, 1, 1, 1, 2]--1.4196763713454497
[32, 8, 2048, 2, 4, 4, 128, 2, 1, 2, 4]--1.0467830001696254
[32, 8, 2048, 4, 2, 1, 64, 1, 1, 1, 8]--1.0069512213775487
[32, 8, 256, 16, 6, 2, 64, 2, 1, 2, 4]--0.9202779511275896
[32, 8, 256, 4, 4, 2, 64, 2, 1, 1, 16]--0.7546678474902146
[32, 8, 256, 8, 8, 4, 96, 4, 1, 1, 16]--0.5001085062811382
[32, 8, 512, 16, 2, 1, 64, 1, 1, 1, 8]--1.0069442320046498
[32, 8, 512, 2, 2, 3, 96, 1, 1, 1, 24]--0.7578975439711836
[32, 8, 512, 2, 6, 3, 96, 3, 1, 1, 16]--0.5011728856348635
[32, 8, 512, 2, 6, 4, 96, 4, 1, 1, 16]--0.5002101299443575
[32, 8, 512, 2, 8, 3, 128, 3, 1, 1, 8]--0.6699642555324459
[32, 8, 512, 4, 2, 3, 128, 3, 1, 1, 16]--0.5010514218646844
[32, 8, 512, 4, 6, 3, 160, 3, 1, 1, 4]--1.04025681466674
[32, 8, 512, 4, 6, 3, 32, 3, 1, 1, 16]--0.5696634124572847
[32, 8, 512, 4, 6, 4, 64, 4, 1, 1, 16]--0.5001681124335956
[64, 16, 1024, 4, 2, 1, 128, 1, 1, 1, 16]--1.0069967345003479
[64, 16, 1024, 4, 2, 1, 128, 1, 1, 1, 2]--1.294581593478028
[64, 16, 1024, 4, 2, 1, 128, 1, 1, 1, 4]--1.0481798616942681
[64, 16, 1024, 4, 2, 1, 128, 1, 1, 1, 8]--1.0069967345003479
[64, 16, 1024, 4, 2, 1, 160, 1, 1, 1, 16]--1.0069967345003479
[64, 16, 1024, 4, 2, 1, 160, 1, 1, 1, 2]--1.294581593478028
[64, 16, 1024, 4, 2, 1, 160, 1, 1, 1, 4]--1.0481798616942681
[64, 16, 1024, 4, 2, 1, 160, 1, 1, 1, 8]--1.0069967345003479
[64, 16, 1024, 4, 2, 2, 128, 1, 1, 1, 16]--0.8412724511286935
[64, 16, 1024, 4, 2, 2, 128, 1, 1, 1, 2]--1.419539421156158
[64, 16, 1024, 4, 2, 2, 128, 1, 1, 1, 4]--1.004777535259847
[64, 16, 1024, 4, 2, 2, 128, 1, 1, 1, 8]--0.8414677422808773
[64, 16, 1024, 4, 2, 2, 128, 2, 1, 1, 16]--0.7542258680791898
[64, 16, 1024, 4, 2, 2, 128, 2, 1, 1, 2]--1.3782184729987075
[64, 16, 1024, 4, 2, 2, 128, 2, 1, 1, 4]--0.9614640406506304
[64, 16, 1024, 4, 2, 2, 128, 2, 1, 1, 8]--0.7542151738611038
[64, 16, 1024, 4, 2, 2, 128, 1, 1, 2, 16]--0.8405798542334254
[64, 16, 1024, 4, 2, 2, 128, 1, 1, 2, 2]--1.4189497786737557
[64, 16, 1024, 4, 2, 2, 128, 1, 1, 2, 4]--1.0039224413507453
[64, 16, 1024, 4, 2, 2, 128, 1, 1, 2, 8]--0.8402652011110975
[64, 16, 1024, 4, 2, 2, 128, 2, 1, 2, 16]--0.7291714464889337
[64, 16, 1024, 4, 2, 2, 128, 2, 1, 2, 2]--1.3773687358227653
[64, 16, 1024, 4, 2, 2, 128, 2, 1, 2, 4]--0.9201332540009085
[64, 16, 1024, 4, 2, 2, 128, 2, 1, 2, 8]--0.7291612496673325
[64, 16, 1024, 4, 2, 2, 160, 1, 1, 1, 16]--0.8412724511286935
[64, 16, 1024, 4, 2, 2, 160, 1, 1, 1, 2]--1.419539421156158
[64, 16, 1024, 4, 2, 2, 160, 1, 1, 1, 4]--1.004777535259847
[64, 16, 1024, 4, 2, 2, 160, 1, 1, 1, 8]--0.8414677422808773
[64, 16, 1024, 4, 2, 2, 160, 2, 1, 1, 16]--0.7542258680791898
[64, 16, 1024, 4, 2, 2, 160, 2, 1, 1, 24]--0.7542258680791898
[64, 16, 1024, 4, 2, 2, 160, 2, 1, 1, 2]--1.3782184729987075
[64, 16, 1024, 4, 2, 2, 160, 2, 1, 1, 4]--0.9614640406506304
[64, 16, 1024, 4, 2, 2, 160, 2, 1, 1, 8]--0.7542151738611038
[64, 16, 1024, 4, 2, 2, 160, 1, 1, 2, 16]--0.8405798542334254
[64, 16, 1024, 4, 2, 2, 160, 1, 1, 2, 2]--1.4189497786737557
[64, 16, 1024, 4, 2, 2, 160, 1, 1, 2, 4]--1.0039224413507453
[64, 16, 1024, 4, 2, 2, 160, 1, 1, 2, 8]--0.8402652011110975
[64, 16, 1024, 4, 2, 2, 160, 2, 1, 2, 16]--0.7291714464889337
[64, 16, 1024, 4, 2, 2, 160, 2, 1, 2, 24]--0.7291714464889337
[64, 16, 1024, 4, 2, 2, 160, 2, 1, 2, 2]--1.3773687358227653
[64, 16, 1024, 4, 2, 2, 160, 2, 1, 2, 4]--0.9201332540009085
[64, 16, 1024, 4, 2, 2, 160, 2, 1, 2, 8]--0.7291612496673325
[64, 16, 1024, 4, 2, 3, 128, 1, 1, 1, 16]--0.7575716824653603
[64, 16, 1024, 4, 2, 3, 128, 1, 1, 1, 4]--1.0052225645351573
[64, 16, 1024, 4, 2, 3, 128, 1, 1, 1, 8]--0.8395837854525114
[64, 16, 1024, 4, 2, 3, 128, 2, 1, 1, 16]--0.5416332993037174
[64, 16, 1024, 4, 2, 3, 128, 2, 1, 1, 4]--1.0414010694696818
[64, 16, 1024, 4, 2, 3, 128, 2, 1, 1, 8]--0.7119416625530504
[64, 16, 1024, 4, 2, 3, 128, 1, 1, 2, 16]--0.7565166827383745
[64, 16, 1024, 4, 2, 3, 128, 1, 1, 2, 4]--1.0044157582741025
[64, 16, 1024, 4, 2, 3, 128, 1, 1, 2, 8]--0.8385016612209591
[64, 16, 1024, 4, 2, 3, 128, 2, 1, 2, 16]--0.5345933191308574
[64, 16, 1024, 4, 2, 3, 128, 2, 1, 2, 4]--0.9998846230842465
[64, 16, 1024, 4, 2, 3, 128, 2, 1, 2, 8]--0.7115738462525942
[64, 16, 1024, 4, 2, 3, 160, 1, 1, 1, 16]--0.7575716824653603
[64, 16, 1024, 4, 2, 3, 160, 1, 1, 1, 24]--0.7575716824653603
[64, 16, 1024, 4, 2, 3, 160, 1, 1, 1, 4]--1.0052225645351573
[64, 16, 1024, 4, 2, 3, 160, 1, 1, 1, 8]--0.8395837854525114
[64, 16, 1024, 4, 2, 3, 160, 2, 1, 1, 16]--0.5416332993037174
[64, 16, 1024, 4, 2, 3, 160, 2, 1, 1, 24]--0.5416332993037174
[64, 16, 1024, 4, 2, 3, 160, 2, 1, 1, 4]--1.0414010694696818
[64, 16, 1024, 4, 2, 3, 160, 2, 1, 1, 8]--0.7119416625530504
[64, 16, 1024, 4, 2, 3, 160, 3, 1, 1, 16]--0.5008963271219571
[64, 16, 1024, 4, 2, 3, 160, 3, 1, 1, 24]--0.5008963271219571
[64, 16, 1024, 4, 2, 3, 160, 3, 1, 1, 4]--1.0400557826768044
[64, 16, 1024, 4, 2, 3, 160, 3, 1, 1, 8]--0.6697446296740593
[64, 16, 1024, 4, 2, 3, 160, 1, 1, 2, 16]--0.7565166827383745
[64, 16, 1024, 4, 2, 3, 160, 1, 1, 2, 4]--1.0044157582741025
[64, 16, 1024, 4, 2, 3, 160, 1, 1, 2, 8]--0.8385016612209591
[64, 16, 1024, 4, 2, 3, 160, 2, 1, 2, 16]--0.5345933191308574
[64, 16, 1024, 4, 2, 3, 160, 2, 1, 2, 24]--0.5345933191308574
[64, 16, 1024, 4, 2, 3, 160, 2, 1, 2, 4]--0.9998846230842465
[64, 16, 1024, 4, 2, 3, 160, 2, 1, 2, 8]--0.7115738462525942
[64, 16, 1024, 4, 2, 4, 160, 3, 1, 1, 24]--0.5024475529819188
[64, 16, 1024, 4, 4, 1, 128, 1, 1, 1, 16]--1.006979845857595
[64, 16, 1024, 4, 4, 1, 128, 1, 1, 1, 2]--1.2945430099714423
[64, 16, 1024, 4, 4, 1, 128, 1, 1, 1, 4]--1.0481716699858972
[64, 16, 1024, 4, 4, 1, 128, 1, 1, 1, 8]--1.006979845857595
[64, 16, 1024, 4, 4, 1, 160, 1, 1, 1, 16]--1.006979845857595
[64, 16, 1024, 4, 4, 1, 160, 1, 1, 1, 2]--1.2945430099714423
[64, 16, 1024, 4, 4, 1, 160, 1, 1, 1, 4]--1.0481716699858972
[64, 16, 1024, 4, 4, 1, 160, 1, 1, 1, 8]--1.006979845857595
[64, 16, 1024, 4, 4, 2, 128, 1, 1, 1, 16]--0.8412817010628584
[64, 16, 1024, 4, 4, 2, 128, 1, 1, 1, 2]--1.4195122660066875
[64, 16, 1024, 4, 4, 2, 128, 1, 1, 1, 4]--1.004759166155545
[64, 16, 1024, 4, 4, 2, 128, 1, 1, 1, 8]--0.8414644032745561
[64, 16, 1024, 4, 4, 2, 128, 2, 1, 1, 16]--0.7542009801522234
[64, 16, 1024, 4, 4, 2, 128, 2, 1, 1, 2]--1.3782174431766037
[64, 16, 1024, 4, 4, 2, 128, 2, 1, 1, 4]--0.9614728109499534
[64, 16, 1024, 4, 4, 2, 128, 2, 1, 1, 8]--0.7542021337616153
[64, 16, 1024, 4, 4, 2, 128, 1, 1, 2, 16]--0.8405785352766718
[64, 16, 1024, 4, 4, 2, 128, 1, 1, 2, 2]--1.4189394437654963
[64, 16, 1024, 4, 4, 2, 128, 1, 1, 2, 4]--1.003993759273139
[64, 16, 1024, 4, 4, 2, 128, 1, 1, 2, 8]--0.8403400739370969
[64, 16, 1024, 4, 4, 2, 128, 2, 1, 2, 16]--0.7291637987733064
[64, 16, 1024, 4, 4, 2, 128, 2, 1, 2, 2]--1.377348014750756
[64, 16, 1024, 4, 4, 2, 128, 2, 1, 2, 4]--0.9201284210300908
[64, 16, 1024, 4, 4, 2, 128, 2, 1, 2, 8]--0.7291526460691343
[64, 16, 1024, 4, 4, 2, 160, 1, 1, 1, 16]--0.8412817010628584
[64, 16, 1024, 4, 4, 2, 160, 1, 1, 1, 2]--1.4195122660066875
[64, 16, 1024, 4, 4, 2, 160, 1, 1, 1, 4]--1.004759166155545
[64, 16, 1024, 4, 4, 2, 160, 1, 1, 1, 8]--0.8414644032745561
[64, 16, 1024, 4, 4, 2, 160, 2, 1, 1, 16]--0.7542009801522234
[64, 16, 1024, 4, 4, 2, 160, 2, 1, 1, 24]--0.7542009801522234
[64, 16, 1024, 4, 4, 2, 160, 2, 1, 1, 2]--1.3782174431766037
[64, 16, 1024, 4, 4, 2, 160, 2, 1, 1, 4]--0.9614728109499534
[64, 16, 1024, 4, 4, 2, 160, 2, 1, 1, 8]--0.7542021337616153
[64, 16, 1024, 4, 4, 2, 160, 1, 1, 2, 16]--0.8405785352766718
[64, 16, 1024, 4, 4, 2, 160, 1, 1, 2, 2]--1.4189394437654963
[64, 16, 1024, 4, 4, 2, 160, 1, 1, 2, 4]--1.003993759273139
[64, 16, 1024, 4, 4, 2, 160, 1, 1, 2, 8]--0.8403400739370969
[64, 16, 1024, 4, 4, 2, 160, 2, 1, 2, 16]--0.7291637987733064
[64, 16, 1024, 4, 4, 2, 160, 2, 1, 2, 24]--0.7291637987733064
[64, 16, 1024, 4, 4, 2, 160, 2, 1, 2, 2]--1.377348014750756
[64, 16, 1024, 4, 4, 2, 160, 2, 1, 2, 4]--0.9201284210300908
[64, 16, 1024, 4, 4, 2, 160, 2, 1, 2, 8]--0.7291526460691343
[64, 16, 1024, 4, 4, 3, 128, 1, 1, 1, 16]--0.7574845037533315
[64, 16, 1024, 4, 4, 3, 128, 1, 1, 1, 4]--1.0051556002488014
[64, 16, 1024, 4, 4, 3, 128, 1, 1, 1, 8]--0.8395490284474262
[64, 16, 1024, 4, 4, 3, 128, 2, 1, 1, 16]--0.5416287137791906
[64, 16, 1024, 4, 4, 3, 128, 2, 1, 1, 4]--1.0413929070860366
[64, 16, 1024, 4, 4, 3, 128, 2, 1, 1, 8]--0.7119435147402686
[64, 16, 1024, 4, 4, 3, 128, 3, 1, 1, 4]--1.0399938259435686
[64, 16, 1024, 4, 4, 3, 128, 1, 1, 2, 16]--0.7564669598946091
[64, 16, 1024, 4, 4, 3, 128, 1, 1, 2, 4]--1.0043472612788849
[64, 16, 1024, 4, 4, 3, 128, 1, 1, 2, 8]--0.8385131706839953
[64, 16, 1024, 4, 4, 3, 128, 2, 1, 2, 16]--0.5345943186889094
[64, 16, 1024, 4, 4, 3, 128, 2, 1, 2, 4]--0.9998364764495522
[64, 16, 1024, 4, 4, 3, 128, 2, 1, 2, 8]--0.7115621193805866
[64, 16, 1024, 4, 4, 3, 160, 1, 1, 1, 16]--0.7574845037533315
[64, 16, 1024, 4, 4, 3, 160, 1, 1, 1, 4]--1.0051556002488014
[64, 16, 1024, 4, 4, 3, 160, 1, 1, 1, 8]--0.8395490284474262
[64, 16, 1024, 4, 4, 3, 160, 2, 1, 1, 16]--0.5416287137791906
[64, 16, 1024, 4, 4, 3, 160, 2, 1, 1, 4]--1.0413929070860366
[64, 16, 1024, 4, 4, 3, 160, 2, 1, 1, 8]--0.7119435147402686
[64, 16, 1024, 4, 4, 3, 160, 3, 1, 1, 24]--0.5008932583067673
[64, 16, 1024, 4, 4, 3, 160, 1, 1, 2, 16]--0.7564669598946091
[64, 16, 1024, 4, 4, 3, 160, 1, 1, 2, 4]--1.0043472612788849
[64, 16, 1024, 4, 4, 3, 160, 1, 1, 2, 8]--0.8385131706839953
[64, 16, 1024, 4, 4, 3, 160, 2, 1, 2, 16]--0.5345943186889094
[64, 16, 1024, 4, 4, 3, 160, 2, 1, 2, 24]--0.5345943186889094
[64, 16, 1024, 4, 4, 3, 160, 2, 1, 2, 4]--0.9998364764495522
[64, 16, 1024, 4, 4, 3, 160, 2, 1, 2, 8]--0.7115621193805866
[64, 16, 1024, 4, 8, 2, 160, 2, 1, 1, 16]--0.7542009801522234
[64, 16, 1024, 4, 8, 3, 160, 2, 1, 2, 8]--0.7115561831494106
[64, 16, 128, 16, 2, 3, 160, 3, 1, 1, 24]--0.5008818207382231
[64, 16, 128, 16, 2, 3, 160, 2, 1, 2, 24]--0.5347288231428703
[64, 16, 128, 16, 4, 3, 160, 3, 1, 1, 24]--0.5008282927694014
[64, 16, 128, 16, 4, 3, 160, 2, 1, 2, 24]--0.5346998936378307
[64, 16, 128, 2, 2, 5, 160, 1, 1, 1, 24]--0.76419357796763
[64, 16, 128, 2, 2, 5, 32, 1, 1, 1, 24]--0.7646702358700354
[64, 16, 2048, 2, 2, 1, 160, 1, 1, 1, 2]--1.2945777696202145
[64, 16, 2048, 2, 2, 1, 160, 1, 1, 1, 4]--1.0482359203238927
[64, 16, 2048, 2, 2, 1, 160, 1, 1, 1, 8]--1.007009863978354
[64, 16, 2048, 2, 2, 2, 128, 1, 1, 1, 16]--0.8412921047559905
[64, 16, 2048, 2, 2, 2, 128, 1, 1, 1, 2]--1.419549662269646
[64, 16, 2048, 2, 2, 2, 128, 1, 1, 1, 4]--1.0047692394760872
[64, 16, 2048, 2, 2, 2, 128, 1, 1, 1, 8]--0.8415175635287964
[64, 16, 2048, 2, 2, 2, 128, 2, 1, 1, 16]--0.754283887565828
[64, 16, 2048, 2, 2, 2, 128, 2, 1, 1, 2]--1.3782439572071452
[64, 16, 2048, 2, 2, 2, 128, 2, 1, 1, 4]--0.9615049289904173
[64, 16, 2048, 2, 2, 2, 128, 2, 1, 1, 8]--0.7542792596433427
[64, 16, 2048, 2, 2, 2, 128, 1, 1, 2, 16]--0.8405876351577688
[64, 16, 2048, 2, 2, 2, 128, 1, 1, 2, 2]--1.4190105513049172
[64, 16, 2048, 2, 2, 2, 128, 1, 1, 2, 4]--1.0039148416779597
[64, 16, 2048, 2, 2, 2, 128, 1, 1, 2, 8]--0.8403313336861523
[64, 16, 2048, 2, 2, 2, 128, 2, 1, 2, 16]--0.729293459224737
[64, 16, 2048, 2, 2, 2, 128, 2, 1, 2, 2]--1.3773967018629074
[64, 16, 2048, 2, 2, 2, 128, 2, 1, 2, 4]--0.9201517946458889
[64, 16, 2048, 2, 2, 2, 128, 2, 1, 2, 8]--0.7292741794866304
[64, 16, 2048, 2, 2, 2, 160, 1, 1, 1, 2]--1.419549662269646
[64, 16, 2048, 2, 2, 2, 160, 1, 1, 1, 4]--1.0047692394760872
[64, 16, 2048, 2, 2, 2, 160, 1, 1, 1, 8]--0.8415175635287964
[64, 16, 2048, 2, 2, 2, 160, 2, 1, 1, 16]--0.754283887565828
[64, 16, 2048, 2, 2, 2, 160, 2, 1, 1, 24]--0.754283887565828
[64, 16, 2048, 2, 2, 2, 160, 2, 1, 1, 2]--1.3782439572071452
[64, 16, 2048, 2, 2, 2, 160, 2, 1, 1, 4]--0.9615049289904173
[64, 16, 2048, 2, 2, 2, 160, 2, 1, 1, 8]--0.7542792596433427
[64, 16, 2048, 2, 2, 2, 160, 1, 1, 2, 2]--1.4190105513049172
[64, 16, 2048, 2, 2, 2, 160, 1, 1, 2, 4]--1.0039148416779597
[64, 16, 2048, 2, 2, 2, 160, 1, 1, 2, 8]--0.8403313336861523
[64, 16, 2048, 2, 2, 2, 160, 2, 1, 2, 16]--0.729293459224737
[64, 16, 2048, 2, 2, 2, 160, 2, 1, 2, 24]--0.729293459224737
[64, 16, 2048, 2, 2, 2, 160, 2, 1, 2, 2]--1.3773967018629074
[64, 16, 2048, 2, 2, 2, 160, 2, 1, 2, 4]--0.9201517946458889
[64, 16, 2048, 2, 2, 2, 160, 2, 1, 2, 8]--0.7292741794866304
[64, 16, 2048, 2, 2, 3, 128, 3, 1, 2, 24]--0.48046547877380114
[64, 16, 2048, 2, 2, 3, 160, 1, 1, 1, 4]--1.0052011858734355
[64, 16, 2048, 2, 2, 3, 160, 1, 1, 1, 8]--0.8397533856371355
[64, 16, 2048, 2, 2, 3, 160, 2, 1, 1, 24]--0.5416150871884218
[64, 16, 2048, 2, 2, 3, 160, 2, 1, 1, 4]--1.041403804773083
[64, 16, 2048, 2, 2, 3, 160, 2, 1, 1, 8]--0.7119076001406018
[64, 16, 2048, 2, 2, 3, 160, 3, 1, 1, 16]--0.5008428030881894
[64, 16, 2048, 2, 2, 3, 160, 3, 1, 1, 24]--0.5008428030881894
[64, 16, 2048, 2, 2, 3, 160, 3, 1, 1, 4]--1.0400007641462576
[64, 16, 2048, 2, 2, 3, 160, 3, 1, 1, 8]--0.6696164132345075
[64, 16, 2048, 2, 2, 3, 160, 1, 1, 2, 4]--1.0044221211509894
[64, 16, 2048, 2, 2, 3, 160, 1, 1, 2, 8]--0.8385268450734361
[64, 16, 2048, 2, 2, 3, 160, 2, 1, 2, 24]--0.5346197754368162
[64, 16, 2048, 2, 2, 3, 160, 2, 1, 2, 4]--0.9998723862097635
[64, 16, 2048, 2, 2, 3, 160, 2, 1, 2, 8]--0.7115232966146248
[64, 16, 2048, 2, 2, 3, 160, 3, 1, 2, 16]--0.48046547877380114
[64, 16, 2048, 2, 2, 3, 160, 3, 1, 2, 24]--0.48046547877380114
[64, 16, 2048, 2, 2, 3, 160, 3, 1, 2, 8]--0.5892021254647735
[64, 16, 2048, 2, 2, 3, 32, 3, 1, 2, 24]--0.5488497271225373
[64, 16, 2048, 2, 2, 3, 64, 3, 1, 2, 24]--0.48046547877380114
[64, 16, 2048, 2, 2, 3, 96, 3, 1, 2, 24]--0.48046547877380114
[64, 16, 2048, 2, 2, 4, 160, 3, 1, 1, 24]--0.5023940336372041
[64, 16, 2048, 2, 4, 1, 160, 1, 1, 1, 2]--1.2945524375303037
[64, 16, 2048, 2, 4, 1, 160, 1, 1, 1, 4]--1.0481715226196449
[64, 16, 2048, 2, 4, 1, 160, 1, 1, 1, 8]--1.0069737918798418
[64, 16, 2048, 2, 4, 2, 128, 1, 1, 1, 16]--0.8412779866441111
[64, 16, 2048, 2, 4, 2, 128, 1, 1, 1, 2]--1.419572536224901
[64, 16, 2048, 2, 4, 2, 128, 1, 1, 1, 4]--1.0048584525450093
[64, 16, 2048, 2, 4, 2, 128, 1, 1, 1, 8]--0.841509915906748
[64, 16, 2048, 2, 4, 2, 128, 2, 1, 1, 16]--0.75427884453608
[64, 16, 2048, 2, 4, 2, 128, 2, 1, 1, 2]--1.378220787107215
[64, 16, 2048, 2, 4, 2, 128, 2, 1, 1, 4]--0.9614932226358761
[64, 16, 2048, 2, 4, 2, 128, 2, 1, 1, 8]--0.7542854040064914
[64, 16, 2048, 2, 4, 2, 128, 1, 1, 2, 16]--0.8405965688343948
[64, 16, 2048, 2, 4, 2, 128, 1, 1, 2, 2]--1.4189475052770044
[64, 16, 2048, 2, 4, 2, 128, 1, 1, 2, 4]--1.0040052311975158
[64, 16, 2048, 2, 4, 2, 128, 1, 1, 2, 8]--0.8403608007733631
[64, 16, 2048, 2, 4, 2, 128, 2, 1, 2, 16]--0.7291723069345851
[64, 16, 2048, 2, 4, 2, 128, 2, 1, 2, 2]--1.3773746956106754
[64, 16, 2048, 2, 4, 2, 128, 2, 1, 2, 4]--0.9202315675163084
[64, 16, 2048, 2, 4, 2, 128, 2, 1, 2, 8]--0.7291629065168113
[64, 16, 2048, 2, 4, 2, 160, 1, 1, 1, 2]--1.419572536224901
[64, 16, 2048, 2, 4, 2, 160, 1, 1, 1, 4]--1.0048584525450093
[64, 16, 2048, 2, 4, 2, 160, 1, 1, 1, 8]--0.841509915906748
[64, 16, 2048, 2, 4, 2, 160, 2, 1, 1, 24]--0.75427884453608
[64, 16, 2048, 2, 4, 2, 160, 2, 1, 1, 2]--1.378220787107215
[64, 16, 2048, 2, 4, 2, 160, 2, 1, 1, 4]--0.9614932226358761
[64, 16, 2048, 2, 4, 2, 160, 2, 1, 1, 8]--0.7542854040064914
[64, 16, 2048, 2, 4, 2, 160, 1, 1, 2, 2]--1.4189475052770044
[64, 16, 2048, 2, 4, 2, 160, 1, 1, 2, 4]--1.0040052311975158
[64, 16, 2048, 2, 4, 2, 160, 1, 1, 2, 8]--0.8403608007733631
[64, 16, 2048, 2, 4, 2, 160, 2, 1, 2, 24]--0.7291723069345851
[64, 16, 2048, 2, 4, 2, 160, 2, 1, 2, 2]--1.3773746956106754
[64, 16, 2048, 2, 4, 2, 160, 2, 1, 2, 4]--0.9202315675163084
[64, 16, 2048, 2, 4, 2, 160, 2, 1, 2, 8]--0.7291629065168113
[64, 16, 2048, 2, 4, 3, 160, 1, 1, 1, 4]--1.0051916572803175
[64, 16, 2048, 2, 4, 3, 160, 1, 1, 1, 8]--0.8396998771265963
[64, 16, 2048, 2, 4, 3, 160, 2, 1, 1, 24]--0.5415951559684624
[64, 16, 2048, 2, 4, 3, 160, 2, 1, 1, 4]--1.041347402845485
[64, 16, 2048, 2, 4, 3, 160, 2, 1, 1, 8]--0.7119190622468785
[64, 16, 2048, 2, 4, 3, 160, 3, 1, 1, 16]--0.5007549718872311
[64, 16, 2048, 2, 4, 3, 160, 3, 1, 1, 24]--0.5007549718872311
[64, 16, 2048, 2, 4, 3, 160, 3, 1, 1, 8]--0.6695855090934931
[64, 16, 2048, 2, 4, 3, 160, 1, 1, 2, 4]--1.0043951811942484
[64, 16, 2048, 2, 4, 3, 160, 1, 1, 2, 8]--0.8385732493031444
[64, 16, 2048, 2, 4, 3, 160, 2, 1, 2, 24]--0.5345772725744484
[64, 16, 2048, 2, 4, 3, 160, 2, 1, 2, 4]--0.999848698809764
[64, 16, 2048, 2, 4, 3, 160, 2, 1, 2, 8]--0.7115150385189646
[64, 16, 2048, 2, 8, 2, 160, 2, 1, 1, 16]--0.75427884453608
[64, 16, 2048, 2, 8, 2, 160, 2, 1, 1, 24]--0.75427884453608
[64, 16, 2048, 2, 8, 2, 160, 2, 1, 2, 16]--0.7291676545132224
[64, 16, 2048, 2, 8, 3, 160, 2, 1, 1, 16]--0.5415742717548946
[64, 16, 2048, 2, 8, 3, 160, 2, 1, 1, 8]--0.7118880424234552
[64, 16, 2048, 2, 8, 4, 160, 2, 1, 1, 8]--0.7118964618716273
[64, 16, 256, 16, 2, 1, 128, 1, 1, 1, 16]--1.0070083558813137
[64, 16, 256, 16, 2, 1, 128, 1, 1, 1, 2]--1.294506571953445
[64, 16, 256, 16, 2, 1, 128, 1, 1, 1, 4]--1.048182450880668
[64, 16, 256, 16, 2, 1, 128, 1, 1, 1, 8]--1.0070083558813137
[64, 16, 256, 16, 2, 1, 160, 1, 1, 1, 16]--1.0070083558813137
[64, 16, 256, 16, 2, 1, 160, 1, 1, 1, 2]--1.294506571953445
[64, 16, 256, 16, 2, 1, 160, 1, 1, 1, 4]--1.048182450880668
[64, 16, 256, 16, 2, 1, 160, 1, 1, 1, 8]--1.0070083558813137
[64, 16, 256, 16, 2, 2, 128, 1, 1, 1, 16]--0.8412280446823123
[64, 16, 256, 16, 2, 2, 128, 1, 1, 1, 2]--1.4195316240205202
[64, 16, 256, 16, 2, 2, 128, 1, 1, 1, 4]--1.0047545629885912
[64, 16, 256, 16, 2, 2, 128, 1, 1, 1, 8]--0.8414307150363047
[64, 16, 256, 16, 2, 2, 128, 2, 1, 1, 16]--0.7542109868056767
[64, 16, 256, 16, 2, 2, 128, 2, 1, 1, 2]--1.3782359167640525
[64, 16, 256, 16, 2, 2, 128, 2, 1, 1, 4]--0.9614336256384136
[64, 16, 256, 16, 2, 2, 128, 2, 1, 1, 8]--0.7542002410626335
[64, 16, 256, 16, 2, 2, 128, 1, 1, 2, 16]--0.8405816276273887
[64, 16, 256, 16, 2, 2, 128, 1, 1, 2, 2]--1.418970738944889
[64, 16, 256, 16, 2, 2, 128, 1, 1, 2, 4]--1.00390796475337
[64, 16, 256, 16, 2, 2, 128, 1, 1, 2, 8]--0.840313795788015
[64, 16, 256, 16, 2, 2, 128, 2, 1, 2, 16]--0.7291694707861731
[64, 16, 256, 16, 2, 2, 128, 2, 1, 2, 2]--1.3773718094812726
[64, 16, 256, 16, 2, 2, 128, 2, 1, 2, 4]--0.9201448796544425
[64, 16, 256, 16, 2, 2, 128, 2, 1, 2, 8]--0.7291025507675553
[64, 16, 256, 16, 2, 2, 160, 1, 1, 1, 16]--0.8412280446823123
[64, 16, 256, 16, 2, 2, 160, 1, 1, 1, 2]--1.4195316240205202
[64, 16, 256, 16, 2, 2, 160, 1, 1, 1, 4]--1.0047545629885912
[64, 16, 256, 16, 2, 2, 160, 1, 1, 1, 8]--0.8414307150363047
[64, 16, 256, 16, 2, 2, 160, 2, 1, 1, 16]--0.7542109868056767
[64, 16, 256, 16, 2, 2, 160, 2, 1, 1, 24]--0.7542109868056767
[64, 16, 256, 16, 2, 2, 160, 2, 1, 1, 2]--1.3782359167640525
[64, 16, 256, 16, 2, 2, 160, 2, 1, 1, 4]--0.9614336256384136
[64, 16, 256, 16, 2, 2, 160, 2, 1, 1, 8]--0.7542002410626335
[64, 16, 256, 16, 2, 2, 160, 1, 1, 2, 16]--0.8405816276273887
[64, 16, 256, 16, 2, 2, 160, 1, 1, 2, 2]--1.418970738944889
[64, 16, 256, 16, 2, 2, 160, 1, 1, 2, 4]--1.00390796475337
[64, 16, 256, 16, 2, 2, 160, 1, 1, 2, 8]--0.840313795788015
[64, 16, 256, 16, 2, 2, 160, 2, 1, 2, 16]--0.7291694707861731
[64, 16, 256, 16, 2, 2, 160, 2, 1, 2, 2]--1.3773718094812726
[64, 16, 256, 16, 2, 2, 160, 2, 1, 2, 4]--0.9201448796544425
[64, 16, 256, 16, 2, 2, 160, 2, 1, 2, 8]--0.7291025507675553
[64, 16, 256, 16, 2, 3, 128, 1, 1, 1, 16]--0.757537087498529
[64, 16, 256, 16, 2, 3, 128, 1, 1, 1, 4]--1.0051970381238395
[64, 16, 256, 16, 2, 3, 128, 1, 1, 1, 8]--0.8395980303456371
[64, 16, 256, 16, 2, 3, 128, 2, 1, 1, 16]--0.5416150862424692
[64, 16, 256, 16, 2, 3, 128, 2, 1, 1, 4]--1.0414417498578667
[64, 16, 256, 16, 2, 3, 128, 2, 1, 1, 8]--0.7119358733360842
[64, 16, 256, 16, 2, 3, 128, 1, 1, 2, 16]--0.7565315002086107
[64, 16, 256, 16, 2, 3, 128, 1, 1, 2, 4]--1.004418929492744
[64, 16, 256, 16, 2, 3, 128, 1, 1, 2, 8]--0.8385955769645158
[64, 16, 256, 16, 2, 3, 128, 2, 1, 2, 16]--0.534618488258003
[64, 16, 256, 16, 2, 3, 128, 2, 1, 2, 4]--0.999892262293178
[64, 16, 256, 16, 2, 3, 128, 2, 1, 2, 8]--0.7115726427018014
[64, 16, 256, 16, 2, 3, 160, 1, 1, 1, 16]--0.757537087498529
[64, 16, 256, 16, 2, 3, 160, 1, 1, 1, 4]--1.0051970381238395
[64, 16, 256, 16, 2, 3, 160, 1, 1, 1, 8]--0.8395980303456371
[64, 16, 256, 16, 2, 3, 160, 2, 1, 1, 16]--0.5416150862424692
[64, 16, 256, 16, 2, 3, 160, 2, 1, 1, 24]--0.5416150862424692
[64, 16, 256, 16, 2, 3, 160, 2, 1, 1, 4]--1.0414417498578667
[64, 16, 256, 16, 2, 3, 160, 2, 1, 1, 8]--0.7119358733360842
[64, 16, 256, 16, 2, 3, 160, 1, 1, 2, 16]--0.7565315002086107
[64, 16, 256, 16, 2, 3, 160, 1, 1, 2, 4]--1.004418929492744
[64, 16, 256, 16, 2, 3, 160, 1, 1, 2, 8]--0.8385955769645158
[64, 16, 256, 16, 2, 3, 160, 2, 1, 2, 16]--0.534618488258003
[64, 16, 256, 16, 2, 3, 160, 2, 1, 2, 4]--0.999892262293178
[64, 16, 256, 16, 2, 3, 160, 2, 1, 2, 8]--0.7115726427018014
[64, 16, 256, 16, 2, 4, 160, 3, 1, 1, 24]--0.5023648989397306
[64, 16, 256, 16, 4, 1, 128, 1, 1, 1, 16]--1.0069144583381133
[64, 16, 256, 16, 4, 1, 128, 1, 1, 1, 2]--1.2944705232743998
[64, 16, 256, 16, 4, 1, 128, 1, 1, 1, 4]--1.0481557392720848
[64, 16, 256, 16, 4, 1, 128, 1, 1, 1, 8]--1.0069144583381133
[64, 16, 256, 16, 4, 1, 160, 1, 1, 1, 16]--1.0069144583381133
[64, 16, 256, 16, 4, 1, 160, 1, 1, 1, 2]--1.2944705232743998
[64, 16, 256, 16, 4, 1, 160, 1, 1, 1, 4]--1.0481557392720848
[64, 16, 256, 16, 4, 1, 160, 1, 1, 1, 8]--1.0069144583381133
[64, 16, 256, 16, 4, 2, 128, 1, 1, 1, 16]--0.8412218539349045
[64, 16, 256, 16, 4, 2, 128, 1, 1, 1, 2]--1.4194739023826897
[64, 16, 256, 16, 4, 2, 128, 1, 1, 1, 4]--1.0047149681309453
[64, 16, 256, 16, 4, 2, 128, 1, 1, 1, 8]--0.8414216316092165
[64, 16, 256, 16, 4, 2, 128, 2, 1, 1, 16]--0.7541922684520231
[64, 16, 256, 16, 4, 2, 128, 2, 1, 1, 2]--1.378141844969683
[64, 16, 256, 16, 4, 2, 128, 2, 1, 1, 4]--0.9614310952712366
[64, 16, 256, 16, 4, 2, 128, 2, 1, 1, 8]--0.7541964170995393
[64, 16, 256, 16, 4, 2, 128, 1, 1, 2, 16]--0.8405837223388049
[64, 16, 256, 16, 4, 2, 128, 1, 1, 2, 2]--1.4189017003285629
[64, 16, 256, 16, 4, 2, 128, 1, 1, 2, 4]--1.0038461479631247
[64, 16, 256, 16, 4, 2, 128, 1, 1, 2, 8]--0.8402730297120569
[64, 16, 256, 16, 4, 2, 128, 2, 1, 2, 16]--0.7291583178593607
[64, 16, 256, 16, 4, 2, 128, 2, 1, 2, 2]--1.3772930640214756
[64, 16, 256, 16, 4, 2, 128, 2, 1, 2, 4]--0.9201263710463161
[64, 16, 256, 16, 4, 2, 128, 2, 1, 2, 8]--0.7291498737375669
[64, 16, 256, 16, 4, 2, 160, 1, 1, 1, 16]--0.8412218539349045
[64, 16, 256, 16, 4, 2, 160, 1, 1, 1, 2]--1.4194739023826897
[64, 16, 256, 16, 4, 2, 160, 1, 1, 1, 4]--1.0047149681309453
[64, 16, 256, 16, 4, 2, 160, 1, 1, 1, 8]--0.8414216316092165
[64, 16, 256, 16, 4, 2, 160, 2, 1, 1, 16]--0.7541922684520231
[64, 16, 256, 16, 4, 2, 160, 2, 1, 1, 24]--0.7541922684520231
[64, 16, 256, 16, 4, 2, 160, 2, 1, 1, 2]--1.378141844969683
[64, 16, 256, 16, 4, 2, 160, 2, 1, 1, 4]--0.9614310952712366
[64, 16, 256, 16, 4, 2, 160, 2, 1, 1, 8]--0.7541964170995393
[64, 16, 256, 16, 4, 2, 160, 1, 1, 2, 16]--0.8405837223388049
[64, 16, 256, 16, 4, 2, 160, 1, 1, 2, 2]--1.4189017003285629
[64, 16, 256, 16, 4, 2, 160, 1, 1, 2, 4]--1.0038461479631247
[64, 16, 256, 16, 4, 2, 160, 1, 1, 2, 8]--0.8402730297120569
[64, 16, 256, 16, 4, 2, 160, 2, 1, 2, 16]--0.7291583178593607
[64, 16, 256, 16, 4, 2, 160, 2, 1, 2, 2]--1.3772930640214756
[64, 16, 256, 16, 4, 2, 160, 2, 1, 2, 4]--0.9201263710463161
[64, 16, 256, 16, 4, 2, 160, 2, 1, 2, 8]--0.7291498737375669
[64, 16, 256, 16, 4, 3, 128, 1, 1, 1, 16]--0.7575027012322509
[64, 16, 256, 16, 4, 3, 128, 1, 1, 1, 4]--1.0051450203416668
[64, 16, 256, 16, 4, 3, 128, 1, 1, 1, 8]--0.8395430295268762
[64, 16, 256, 16, 4, 3, 128, 2, 1, 1, 16]--0.5415966842469637
[64, 16, 256, 16, 4, 3, 128, 2, 1, 1, 4]--1.041366310033758
[64, 16, 256, 16, 4, 3, 128, 2, 1, 1, 8]--0.7119500181104877
[64, 16, 256, 16, 4, 3, 128, 1, 1, 2, 16]--0.7564994605432467
[64, 16, 256, 16, 4, 3, 128, 1, 1, 2, 4]--1.0043790009673381
[64, 16, 256, 16, 4, 3, 128, 1, 1, 2, 8]--0.8385237170248763
[64, 16, 256, 16, 4, 3, 128, 2, 1, 2, 16]--0.5345759800475582
[64, 16, 256, 16, 4, 3, 128, 2, 1, 2, 4]--0.999891489573065
[64, 16, 256, 16, 4, 3, 128, 2, 1, 2, 8]--0.7115588287884878
[64, 16, 256, 16, 4, 3, 160, 1, 1, 1, 16]--0.7575027012322509
[64, 16, 256, 16, 4, 3, 160, 1, 1, 1, 4]--1.0051450203416668
[64, 16, 256, 16, 4, 3, 160, 1, 1, 1, 8]--0.8395430295268762
[64, 16, 256, 16, 4, 3, 160, 2, 1, 1, 16]--0.5415966842469637
[64, 16, 256, 16, 4, 3, 160, 2, 1, 1, 4]--1.041366310033758
[64, 16, 256, 16, 4, 3, 160, 2, 1, 1, 8]--0.7119500181104877
[64, 16, 256, 16, 4, 3, 160, 1, 1, 2, 16]--0.7564994605432467
[64, 16, 256, 16, 4, 3, 160, 1, 1, 2, 4]--1.0043790009673381
[64, 16, 256, 16, 4, 3, 160, 1, 1, 2, 8]--0.8385237170248763
[64, 16, 256, 16, 4, 3, 160, 2, 1, 2, 16]--0.5345759800475582
[64, 16, 256, 16, 4, 3, 160, 2, 1, 2, 4]--0.999891489573065
[64, 16, 256, 16, 4, 3, 160, 2, 1, 2, 8]--0.7115588287884878
[64, 16, 256, 8, 2, 3, 160, 3, 1, 1, 24]--0.5009321886260762
[64, 16, 256, 8, 2, 3, 160, 2, 1, 2, 24]--0.5347172764146878
[64, 16, 256, 8, 4, 3, 160, 3, 1, 1, 24]--0.5008306180960124
[64, 16, 256, 8, 4, 3, 160, 2, 1, 2, 24]--0.5347205453072702
[64, 16, 512, 8, 2, 1, 160, 1, 1, 1, 16]--1.0069321757272895
[64, 16, 512, 8, 2, 1, 160, 1, 1, 1, 2]--1.2945059332066848
[64, 16, 512, 8, 2, 1, 160, 1, 1, 1, 4]--1.0481823312842147
[64, 16, 512, 8, 2, 1, 160, 1, 1, 1, 8]--1.0069321757272895
[64, 16, 512, 8, 2, 2, 160, 1, 1, 1, 16]--0.8411935928929569
[64, 16, 512, 8, 2, 2, 160, 1, 1, 1, 2]--1.419561529766448
[64, 16, 512, 8, 2, 2, 160, 1, 1, 1, 4]--1.0047759984092752
[64, 16, 512, 8, 2, 2, 160, 1, 1, 1, 8]--0.8414229186136685
[64, 16, 512, 8, 2, 2, 160, 2, 1, 1, 16]--0.7541845180099086
[64, 16, 512, 8, 2, 2, 160, 2, 1, 1, 24]--0.7541845180099086
[64, 16, 512, 8, 2, 2, 160, 2, 1, 1, 2]--1.3782306900449548
[64, 16, 512, 8, 2, 2, 160, 2, 1, 1, 4]--0.9614523917688826
[64, 16, 512, 8, 2, 2, 160, 2, 1, 1, 8]--0.7541864619883936
[64, 16, 512, 8, 2, 2, 160, 1, 1, 2, 16]--0.840562309193581
[64, 16, 512, 8, 2, 2, 160, 1, 1, 2, 2]--1.4189745629196813
[64, 16, 512, 8, 2, 2, 160, 1, 1, 2, 4]--1.0039132941876454
[64, 16, 512, 8, 2, 2, 160, 1, 1, 2, 8]--0.8402605805396691
[64, 16, 512, 8, 2, 2, 160, 2, 1, 2, 16]--0.7291473242896408
[64, 16, 512, 8, 2, 2, 160, 2, 1, 2, 2]--1.3773671772830518
[64, 16, 512, 8, 2, 2, 160, 2, 1, 2, 4]--0.9201271675770095
[64, 16, 512, 8, 2, 2, 160, 2, 1, 2, 8]--0.7291361718203913
[64, 16, 512, 8, 2, 3, 160, 1, 1, 1, 16]--0.7576182238305988
[64, 16, 512, 8, 2, 3, 160, 1, 1, 1, 4]--1.0052041945303618
[64, 16, 512, 8, 2, 3, 160, 1, 1, 1, 8]--0.8396029465704854
[64, 16, 512, 8, 2, 3, 160, 2, 1, 1, 16]--0.5416767270493381
[64, 16, 512, 8, 2, 3, 160, 2, 1, 1, 24]--0.5416767270493381
[64, 16, 512, 8, 2, 3, 160, 2, 1, 1, 4]--1.0414623820906106
[64, 16, 512, 8, 2, 3, 160, 2, 1, 1, 8]--0.7119476593579072
[64, 16, 512, 8, 2, 3, 160, 1, 1, 2, 16]--0.7565541926353402
[64, 16, 512, 8, 2, 3, 160, 1, 1, 2, 4]--1.0044427531314761
[64, 16, 512, 8, 2, 3, 160, 1, 1, 2, 8]--0.838521718930055
[64, 16, 512, 8, 2, 3, 160, 2, 1, 2, 16]--0.5346212040164448
[64, 16, 512, 8, 2, 3, 160, 2, 1, 2, 4]--0.9999312291490601
[64, 16, 512, 8, 2, 3, 160, 2, 1, 2, 8]--0.7115802842344483
[64, 16, 512, 8, 2, 4, 160, 3, 1, 1, 24]--0.5024146357491407
[64, 16, 512, 8, 4, 1, 160, 1, 1, 1, 16]--1.0069160619669364
[64, 16, 512, 8, 4, 1, 160, 1, 1, 1, 2]--1.2944585076361856
[64, 16, 512, 8, 4, 1, 160, 1, 1, 1, 4]--1.0481477232750578
[64, 16, 512, 8, 4, 1, 160, 1, 1, 1, 8]--1.0069160619669364
[64, 16, 512, 8, 4, 2, 160, 1, 1, 1, 16]--0.8412029410460078
[64, 16, 512, 8, 4, 2, 160, 1, 1, 1, 2]--1.419487545812199
[64, 16, 512, 8, 4, 2, 160, 1, 1, 1, 4]--1.0047307538769086
[64, 16, 512, 8, 4, 2, 160, 1, 1, 1, 8]--0.8414348382044332
[64, 16, 512, 8, 4, 2, 160, 2, 1, 1, 16]--0.7541825100872752
[64, 16, 512, 8, 4, 2, 160, 2, 1, 1, 24]--0.7541825100872752
[64, 16, 512, 8, 4, 2, 160, 2, 1, 1, 2]--1.3781699878247995
[64, 16, 512, 8, 4, 2, 160, 2, 1, 1, 4]--0.9613959172685529
[64, 16, 512, 8, 4, 2, 160, 2, 1, 1, 8]--0.7542002410626335
[64, 16, 512, 8, 4, 2, 160, 1, 1, 2, 16]--0.8405280804694049
[64, 16, 512, 8, 4, 2, 160, 1, 1, 2, 2]--1.418892894782328
[64, 16, 512, 8, 4, 2, 160, 1, 1, 2, 4]--1.00384843645797
[64, 16, 512, 8, 4, 2, 160, 1, 1, 2, 8]--0.8402577339298688
[64, 16, 512, 8, 4, 2, 160, 2, 1, 2, 16]--0.7291564061070851
[64, 16, 512, 8, 4, 2, 160, 2, 1, 2, 2]--1.3772995859330426
[64, 16, 512, 8, 4, 2, 160, 2, 1, 2, 4]--0.9200687712041997
[64, 16, 512, 8, 4, 2, 160, 2, 1, 2, 8]--0.729093628971568
[64, 16, 512, 8, 4, 3, 160, 1, 1, 1, 16]--0.757549639423628
[64, 16, 512, 8, 4, 3, 160, 1, 1, 1, 4]--1.0051588065741734
[64, 16, 512, 8, 4, 3, 160, 1, 1, 1, 8]--0.8395577189054536
[64, 16, 512, 8, 4, 3, 160, 2, 1, 1, 16]--0.5416841770672078
[64, 16, 512, 8, 4, 3, 160, 2, 1, 1, 4]--1.0413969957835827
[64, 16, 512, 8, 4, 3, 160, 2, 1, 1, 8]--0.7119751090355056
[64, 16, 512, 8, 4, 3, 160, 1, 1, 2, 16]--0.756497128518291
[64, 16, 512, 8, 4, 3, 160, 1, 1, 2, 4]--1.0043533878022612
[64, 16, 512, 8, 4, 3, 160, 1, 1, 2, 8]--0.8385445481304427
[64, 16, 512, 8, 4, 3, 160, 2, 1, 2, 16]--0.5346073377642544
[64, 16, 512, 8, 4, 3, 160, 2, 1, 2, 4]--0.9999151841726025
[64, 16, 512, 8, 4, 3, 160, 2, 1, 2, 8]--0.71156829272393
[64, 16, 512, 8, 8, 2, 160, 2, 1, 1, 16]--0.7541825100872752
[64, 16, 512, 8, 8, 2, 160, 2, 1, 1, 24]--0.7541825100872752
[64, 2, 1024, 2, 2, 4, 32, 4, 2, 1, 8]--0.6314761583847942
[64, 2, 1024, 4, 4, 4, 64, 4, 1, 1, 16]--0.5002598097275819
[64, 2, 128, 2, 10, 2, 32, 1, 1, 2, 2]--1.430617058475319
[64, 2, 128, 2, 10, 5, 32, 5, 2, 1, 24]--0.5785164762949808
[64, 2, 128, 2, 4, 2, 64, 1, 1, 1, 24]--0.8497908365772145
[64, 2, 128, 4, 2, 4, 64, 4, 1, 2, 8]--0.5900319110891035
[64, 2, 2048, 2, 8, 5, 160, 3, 1, 2, 8]--0.6062659701930483
[64, 2, 256, 16, 2, 2, 128, 1, 1, 2, 8]--0.8404390541613322
[64, 2, 256, 2, 10, 4, 64, 4, 1, 1, 24]--0.5004034642911178
[64, 2, 256, 2, 10, 5, 32, 5, 1, 1, 24]--0.5710724945098441
[64, 2, 256, 4, 4, 4, 32, 4, 1, 1, 4]--1.0886386352729729
[64, 2, 256, 4, 4, 5, 64, 1, 2, 2, 16]--0.7565487834698619
[64, 2, 256, 8, 10, 5, 96, 2, 1, 1, 16]--0.5180074854165807
[64, 2, 256, 8, 2, 4, 128, 4, 1, 2, 8]--0.5896583606507271
[64, 2, 256, 8, 2, 5, 96, 3, 2, 1, 16]--0.48793774021746605
[64, 2, 512, 2, 4, 2, 32, 2, 1, 1, 8]--0.7392940013980474
[64, 2, 512, 2, 4, 3, 32, 3, 1, 2, 4]--0.9990356400537963
[64, 2, 512, 4, 8, 5, 64, 1, 2, 2, 8]--0.8550126161704
[64, 2, 512, 4, 8, 5, 96, 5, 1, 2, 24]--0.45395389352874205
[64, 2, 512, 8, 10, 1, 64, 1, 1, 1, 4]--1.0483796214859422
[64, 4, 1024, 2, 10, 2, 64, 1, 1, 1, 24]--0.8414286085742211
[64, 4, 1024, 4, 8, 5, 128, 1, 1, 1, 24]--0.7569130727144909
[64, 4, 128, 16, 10, 4, 160, 4, 1, 1, 16]--0.5000267434432718
[64, 4, 128, 2, 8, 5, 128, 5, 1, 1, 8]--0.6799722766890358
[64, 4, 128, 4, 10, 2, 32, 2, 1, 1, 8]--0.7390145188230759
[64, 4, 128, 4, 10, 2, 32, 1, 1, 2, 8]--0.8404109033786646
[64, 4, 128, 4, 2, 3, 128, 3, 1, 1, 4]--1.040488252148997
[64, 4, 128, 8, 2, 3, 128, 1, 1, 2, 8]--0.838715568848548
[64, 4, 128, 8, 2, 3, 32, 3, 1, 1, 4]--1.0402950836207805
[64, 4, 128, 8, 2, 3, 64, 1, 1, 2, 4]--1.0047634693706016
[64, 4, 128, 8, 2, 3, 96, 1, 1, 2, 4]--1.0047634693706016
[64, 4, 128, 8, 4, 3, 128, 1, 1, 2, 8]--0.8386919798338232
[64, 4, 128, 8, 4, 3, 160, 1, 1, 2, 4]--1.004609302048358
[64, 4, 128, 8, 4, 3, 160, 1, 1, 2, 8]--0.8386919798338232
[64, 4, 128, 8, 4, 3, 96, 1, 1, 2, 4]--1.004609302048358
[64, 4, 128, 8, 4, 3, 96, 1, 1, 2, 8]--0.8386919798338232
[64, 4, 128, 8, 8, 3, 160, 1, 1, 2, 8]--0.8386905489668663
[64, 4, 256, 4, 4, 3, 128, 1, 1, 2, 8]--0.8386770913247731
[64, 4, 256, 4, 4, 3, 160, 2, 1, 2, 8]--0.7117749902190923
[64, 4, 256, 4, 6, 2, 160, 2, 1, 1, 24]--0.7545132924742005
[64, 4, 256, 4, 8, 3, 128, 1, 1, 2, 8]--0.8387200303211845
[64, 4, 256, 4, 8, 3, 160, 1, 1, 2, 4]--1.0046727829307023
[64, 4, 256, 4, 8, 3, 64, 2, 1, 2, 4]--1.0001558825012722
[64, 4, 256, 4, 8, 3, 96, 1, 1, 2, 4]--1.0046727829307023
[64, 4, 256, 8, 10, 2, 160, 2, 2, 2, 2]--1.37757920787536
[64, 4, 512, 2, 2, 3, 160, 1, 1, 2, 4]--1.0047865243750544
[64, 8, 1024, 4, 2, 3, 128, 2, 1, 2, 16]--0.5346088423678069
[64, 8, 1024, 4, 2, 3, 128, 2, 1, 2, 8]--0.7115635893493819
[64, 8, 1024, 4, 2, 3, 160, 2, 1, 2, 8]--0.7115635893493819
[64, 8, 1024, 4, 2, 4, 128, 2, 1, 2, 8]--0.7115024582735385
[64, 8, 1024, 4, 2, 4, 160, 2, 1, 2, 16]--0.4942125419884893
[64, 8, 1024, 4, 2, 4, 160, 2, 1, 2, 8]--0.7115024582735385
[64, 8, 1024, 4, 2, 5, 128, 2, 1, 2, 8]--0.7130410330003194
[64, 8, 1024, 4, 2, 5, 160, 2, 1, 2, 16]--0.46912337811196186
[64, 8, 1024, 4, 2, 5, 160, 2, 1, 2, 24]--0.4692126658108686
[64, 8, 1024, 4, 2, 5, 160, 2, 1, 2, 8]--0.7130410330003194
[64, 8, 1024, 4, 4, 3, 128, 2, 1, 2, 8]--0.7115788717607019
[64, 8, 1024, 8, 4, 2, 96, 1, 1, 1, 8]--0.8413545519344842
[64, 8, 128, 16, 2, 4, 128, 2, 1, 2, 8]--0.7114757430524141
[64, 8, 128, 2, 2, 3, 160, 3, 1, 1, 4]--1.0464335489076617
[64, 8, 128, 2, 8, 5, 96, 3, 2, 2, 8]--0.6150039657857376
[64, 8, 128, 4, 4, 5, 32, 5, 1, 2, 8]--0.606351032908189
[64, 8, 128, 4, 8, 3, 64, 2, 1, 2, 8]--0.7118197615506999
[64, 8, 128, 8, 10, 5, 32, 4, 1, 1, 16]--0.5688862568295572
[64, 8, 128, 8, 10, 5, 64, 1, 2, 1, 8]--0.8559341979380309
[64, 8, 2048, 2, 2, 4, 128, 2, 1, 1, 8]--0.7119692287943665
[64, 8, 2048, 2, 2, 4, 128, 2, 1, 2, 16]--0.49410158208115806
[64, 8, 2048, 2, 2, 4, 128, 2, 1, 2, 24]--0.49410158208115806
[64, 8, 2048, 2, 2, 4, 128, 2, 1, 2, 8]--0.7114086831609029
[64, 8, 2048, 2, 2, 4, 160, 2, 1, 2, 16]--0.49410158208115806
[64, 8, 2048, 2, 2, 4, 160, 2, 1, 2, 24]--0.49410158208115806
[64, 8, 2048, 2, 2, 4, 160, 2, 1, 2, 8]--0.7114086831609029
[64, 8, 2048, 2, 2, 5, 128, 2, 1, 2, 16]--0.4691101516830321
[64, 8, 2048, 2, 2, 5, 128, 2, 1, 2, 24]--0.46920325014403147
[64, 8, 2048, 2, 2, 5, 128, 2, 1, 2, 8]--0.7129956229903046
[64, 8, 2048, 2, 2, 5, 160, 2, 1, 2, 16]--0.4691101516830321
[64, 8, 2048, 2, 2, 5, 160, 2, 1, 2, 24]--0.46920325014403147
[64, 8, 2048, 2, 2, 5, 160, 2, 1, 2, 8]--0.7129956229903046
[64, 8, 2048, 2, 4, 4, 128, 2, 1, 2, 8]--0.7114840651909808
[64, 8, 2048, 4, 2, 1, 96, 1, 1, 1, 8]--1.0069619285069673
[64, 8, 256, 16, 4, 4, 128, 4, 2, 1, 4]--1.0882310238689819
[64, 8, 256, 16, 8, 3, 128, 1, 2, 1, 24]--0.7574893903805098
[64, 8, 256, 8, 2, 4, 32, 3, 1, 1, 24]--0.5993903678424768
[64, 8, 512, 16, 2, 1, 64, 1, 1, 1, 8]--1.0069296269274244
[64, 8, 512, 2, 10, 5, 160, 2, 1, 2, 8]--0.7132348671241041
[64, 8, 512, 4, 10, 2, 160, 2, 1, 1, 2]--1.3784344556799775
[64, 8, 512, 8, 2, 2, 96, 2, 1, 2, 8]--0.7291478023591601
[64, 8, 1024, 4, 2, 4, 160, 2, 1, 2, 24]--0.4942125419884893
[16, 8, 128, 4, 2, 3, 32, 3, 1, 2, 4]--0.9992198507859564
[32, 16, 256, 2, 2, 2, 128, 2, 1, 2, 16]--0.7296334479509551
[64, 8, 128, 2, 2, 5, 160, 1, 1, 1, 24]--0.7639804805883332
