[16, 16, 2048, 16, 10, 5, 32, 5, 2, 2, 8]--1.1562644898813887
[16, 2, 1024, 2, 10, 4, 128, 4, 1, 1, 16]--1.4969655383879026
[16, 2, 1024, 2, 10, 5, 96, 5, 1, 2, 24]--1.4730553644345394
[16, 2, 1024, 4, 10, 2, 160, 1, 2, 2, 16]--1.7368478618544057
[16, 2, 128, 16, 2, 3, 128, 1, 2, 1, 8]--1.7550985685866851
[16, 2, 128, 16, 2, 4, 64, 4, 1, 1, 4]--2.612138594313236
[16, 2, 128, 2, 2, 1, 32, 1, 1, 1, 2]--2.6874027775700378
[16, 2, 128, 2, 2, 1, 64, 1, 1, 1, 2]--2.6874027775700378
[16, 2, 128, 2, 2, 1, 96, 1, 1, 1, 2]--2.6874027775700378
[16, 2, 128, 2, 2, 2, 32, 2, 1, 1, 2]--2.947390512586565
[16, 2, 128, 2, 2, 4, 160, 4, 2, 2, 4]--2.6696578144397742
[16, 2, 128, 2, 2, 5, 32, 5, 1, 1, 8]--1.8732144726804971
[16, 2, 128, 2, 8, 2, 64, 2, 1, 1, 8]--1.8418452817206874
[16, 2, 128, 4, 2, 1, 128, 1, 1, 1, 2]--2.6632542216970547
[16, 2, 128, 4, 2, 1, 32, 1, 1, 1, 8]--1.880826801980346
[16, 2, 128, 4, 8, 4, 96, 4, 1, 1, 24]--1.548434531911393
[16, 2, 128, 4, 8, 5, 160, 5, 1, 1, 16]--1.5469201055985162
[16, 2, 128, 8, 2, 1, 128, 1, 1, 1, 2]--2.6642488819420556
[16, 2, 128, 8, 2, 3, 128, 1, 1, 1, 4]--2.388684057017216
[16, 2, 128, 8, 4, 1, 96, 1, 1, 1, 2]--2.6563037527857967
[16, 2, 128, 8, 4, 1, 96, 1, 1, 1, 4]--2.135177505721166
[16, 2, 128, 8, 4, 2, 32, 1, 1, 1, 2]--2.951376632215026
[16, 2, 128, 8, 4, 4, 128, 3, 1, 2, 4]--2.6091088068564248
[16, 2, 2048, 2, 10, 5, 128, 1, 2, 1, 16]--1.530827923777615
[16, 2, 2048, 2, 10, 5, 160, 5, 1, 1, 8]--1.8017774877724098
[16, 2, 2048, 2, 2, 4, 160, 2, 1, 2, 24]--1.479442130218227
[16, 2, 2048, 2, 6, 2, 160, 1, 1, 2, 4]--2.208509393182464
[16, 2, 2048, 4, 4, 5, 32, 1, 1, 1, 8]--1.865968597155122
[16, 2, 2048, 8, 10, 5, 64, 5, 2, 1, 16]--1.4926167043091974
[16, 2, 256, 16, 4, 4, 96, 1, 1, 1, 24]--1.5307578114483151
[16, 2, 256, 16, 6, 3, 32, 3, 1, 1, 4]--2.2758948202880775
[16, 2, 256, 2, 2, 2, 32, 2, 1, 1, 2]--2.909349432370582
[16, 2, 256, 2, 2, 5, 96, 4, 2, 2, 24]--1.4736377641832568
[16, 2, 256, 4, 10, 4, 160, 4, 2, 1, 24]--1.48978884036077
[16, 2, 256, 4, 2, 5, 128, 3, 2, 2, 16]--1.466562027910316
[16, 2, 256, 4, 2, 5, 128, 3, 2, 2, 24]--1.4590796401274362
[16, 2, 256, 4, 2, 5, 160, 3, 2, 2, 24]--1.4590796401274362
[16, 2, 256, 4, 4, 5, 32, 5, 1, 1, 8]--1.805799130981049
[16, 2, 256, 8, 8, 4, 32, 1, 1, 1, 4]--2.6705187938435766
[16, 2, 512, 2, 2, 5, 128, 3, 2, 2, 16]--1.4693842828723993
[16, 2, 512, 2, 4, 2, 160, 1, 1, 2, 2]--2.9424845191976905
[16, 2, 512, 2, 4, 4, 64, 4, 1, 1, 4]--2.5909880416411144
[16, 2, 512, 2, 8, 3, 160, 3, 1, 1, 4]--2.2834959316152386
[16, 2, 512, 2, 8, 4, 128, 4, 1, 1, 16]--1.4993774025158173
[16, 2, 512, 4, 4, 1, 64, 1, 1, 1, 2]--2.6276165921294705
[16, 2, 512, 8, 6, 2, 64, 1, 1, 1, 4]--2.1842000463676206
[16, 4, 1024, 2, 8, 4, 128, 4, 1, 1, 8]--1.2975324199410683
[16, 4, 1024, 8, 10, 2, 160, 1, 1, 1, 2]--2.481690398911109
[16, 4, 1024, 8, 10, 2, 32, 2, 2, 2, 2]--2.440395171784555
[16, 4, 128, 16, 8, 4, 64, 3, 2, 1, 4]--2.1490073963833254
[16, 4, 128, 2, 2, 4, 96, 1, 1, 1, 4]--2.2539571398656837
[16, 4, 128, 2, 4, 1, 32, 1, 1, 1, 2]--2.211500852565924
[16, 4, 128, 2, 6, 4, 160, 2, 1, 2, 8]--1.327510582287569
[16, 4, 128, 4, 10, 4, 96, 3, 1, 2, 16]--1.0460292116008796
[16, 4, 128, 8, 6, 4, 32, 1, 1, 1, 4]--2.2241706178859357
[16, 4, 128, 8, 6, 5, 160, 5, 1, 1, 16]--1.0558898095936102
[16, 4, 128, 8, 8, 2, 32, 2, 1, 1, 2]--2.4476335686614714
[16, 4, 2048, 2, 10, 2, 160, 1, 2, 1, 4]--1.6494411579939274
[16, 4, 2048, 2, 2, 3, 32, 3, 1, 1, 4]--1.8003771108485274
[16, 4, 2048, 2, 4, 3, 160, 3, 1, 1, 4]--1.8003976771317887
[16, 4, 256, 2, 6, 5, 128, 2, 1, 1, 24]--1.0517606608133778
[16, 4, 256, 4, 2, 5, 128, 3, 2, 2, 8]--1.3143808800873507
[16, 4, 256, 4, 2, 5, 160, 3, 2, 2, 24]--1.0170485139925514
[16, 4, 512, 2, 10, 2, 128, 2, 1, 2, 2]--2.4484964177273882
[16, 4, 512, 2, 10, 4, 128, 4, 1, 2, 4]--2.1294675576229865
[16, 4, 512, 2, 2, 5, 128, 3, 2, 2, 8]--1.3143808800873507
[16, 4, 512, 2, 4, 3, 32, 2, 2, 2, 4]--1.78839257669354
[16, 4, 512, 4, 2, 5, 32, 3, 2, 1, 8]--1.3329756046487278
[16, 4, 512, 4, 8, 2, 64, 1, 1, 1, 2]--2.4825869018950897
[16, 4, 512, 8, 6, 3, 32, 1, 1, 1, 4]--1.8966880805300865
[16, 8, 1024, 2, 2, 5, 128, 5, 1, 1, 8]--1.2754704069880491
[16, 8, 128, 16, 10, 5, 160, 2, 1, 2, 24]--0.9822840166325142
[16, 8, 128, 2, 8, 4, 96, 4, 1, 1, 8]--1.2774400960258463
[16, 8, 128, 4, 2, 3, 128, 3, 1, 1, 4]--1.7546797642730005
[16, 8, 128, 8, 8, 3, 128, 3, 1, 1, 8]--1.180228884036077
[16, 8, 2048, 2, 6, 3, 96, 3, 2, 1, 4]--1.7246277502729708
[16, 8, 2048, 2, 8, 2, 32, 1, 1, 1, 24]--1.2674589048267197
[16, 8, 256, 2, 10, 3, 32, 1, 2, 2, 16]--1.1415895119434016
[16, 8, 256, 4, 2, 4, 32, 4, 1, 1, 24]--1.1108242218466278
[16, 8, 256, 4, 8, 3, 128, 3, 1, 1, 16]--0.9762954888792498
[16, 8, 256, 8, 2, 3, 32, 1, 2, 1, 16]--1.1460037841961201
[16, 8, 512, 2, 4, 2, 96, 1, 2, 1, 2]--2.4500099092092076
[16, 8, 512, 2, 6, 4, 32, 4, 1, 1, 16]--1.1121853358661022
[16, 8, 512, 4, 4, 5, 96, 1, 2, 1, 8]--1.3552797388455957
[32, 16, 1024, 8, 10, 4, 96, 4, 2, 2, 24]--0.8559481430515877
[32, 16, 128, 2, 4, 3, 160, 1, 1, 2, 24]--0.9954698086961724
[32, 16, 128, 4, 8, 3, 160, 3, 1, 2, 4]--1.6449492947634503
[32, 16, 512, 16, 8, 5, 160, 1, 2, 2, 8]--1.256320392778617
[32, 16, 512, 4, 6, 4, 64, 3, 2, 1, 8]--1.0925725802832913
[32, 16, 512, 8, 4, 2, 128, 1, 1, 1, 4]--1.547825022062013
[32, 2, 1024, 2, 2, 4, 128, 4, 1, 1, 16]--1.3236861884320266
[32, 2, 1024, 2, 4, 4, 64, 4, 1, 1, 8]--1.5676640067606982
[32, 2, 128, 16, 8, 4, 160, 1, 1, 2, 24]--1.3769855811657716
[32, 2, 128, 2, 10, 4, 96, 4, 1, 1, 16]--1.3820149722542143
[32, 2, 128, 2, 2, 1, 32, 1, 1, 1, 4]--1.962154299474999
[32, 2, 128, 2, 6, 3, 64, 3, 1, 1, 8]--1.5665450139850725
[32, 2, 128, 2, 8, 3, 32, 3, 1, 1, 4]--2.1381474639903075
[32, 2, 128, 2, 8, 5, 160, 5, 1, 1, 24]--1.3710064017230805
[32, 2, 128, 4, 10, 4, 128, 4, 1, 2, 24]--1.3367382996544865
[32, 2, 128, 4, 10, 4, 64, 4, 2, 1, 16]--1.3570045021463721
[32, 2, 128, 4, 2, 4, 128, 4, 1, 1, 8]--1.601603983128169
[32, 2, 128, 4, 4, 2, 32, 2, 2, 1, 8]--1.6128238254782596
[32, 2, 128, 4, 4, 4, 128, 4, 1, 1, 16]--1.3658461342866117
[32, 2, 128, 4, 6, 4, 128, 4, 1, 1, 16]--1.3650730290021986
[32, 2, 128, 8, 2, 5, 128, 3, 2, 2, 16]--1.3164253556097343
[32, 2, 128, 8, 2, 5, 128, 3, 2, 2, 24]--1.3181211391477332
[32, 2, 128, 8, 2, 5, 128, 3, 2, 2, 8]--1.6278512347248606
[32, 2, 128, 8, 2, 5, 160, 3, 2, 2, 24]--1.3181211391477332
[32, 2, 128, 8, 4, 5, 128, 3, 2, 2, 24]--1.3167815262425775
[32, 2, 2048, 2, 6, 5, 160, 1, 1, 2, 8]--1.6830399210254723
[32, 2, 2048, 4, 4, 2, 64, 1, 1, 2, 2]--2.763988811941906
[32, 2, 2048, 4, 8, 2, 128, 2, 1, 2, 2]--2.730965904841677
[32, 2, 2048, 4, 8, 3, 128, 2, 1, 1, 24]--1.3223933170797373
[32, 2, 256, 16, 8, 2, 96, 1, 1, 2, 4]--1.9911873476225377
[32, 2, 256, 2, 8, 1, 32, 1, 1, 1, 16]--1.6393580702095518
[32, 2, 256, 2, 8, 4, 160, 1, 1, 1, 24]--1.3635062521501113
[32, 2, 256, 2, 8, 4, 64, 4, 1, 1, 16]--1.3266402545731935
[32, 2, 256, 2, 8, 5, 160, 5, 1, 1, 8]--1.6220356507172025
[32, 2, 256, 4, 2, 5, 128, 3, 2, 2, 16]--1.2929844668471513
[32, 2, 256, 4, 2, 5, 128, 3, 2, 2, 24]--1.2910381485857876
[32, 2, 256, 4, 2, 5, 128, 3, 2, 2, 8]--1.6016806392748701
[32, 2, 256, 4, 2, 5, 160, 3, 2, 2, 24]--1.2910381485857876
[32, 2, 256, 4, 4, 2, 64, 2, 2, 1, 2]--2.730748089205319
[32, 2, 256, 4, 6, 2, 160, 1, 2, 2, 8]--1.6090545866550996
[32, 2, 256, 8, 2, 3, 128, 3, 1, 1, 4]--2.090540257564653
[32, 2, 256, 8, 8, 2, 96, 2, 1, 1, 16]--1.5339390415364136
[32, 2, 512, 2, 2, 5, 128, 3, 2, 2, 16]--1.2946017245763346
[32, 2, 512, 2, 2, 5, 128, 3, 2, 2, 8]--1.6018965852491138
[32, 2, 512, 4, 4, 2, 32, 1, 2, 2, 16]--1.5655466144158428
[32, 2, 512, 4, 4, 5, 160, 5, 1, 1, 24]--1.3112622836800933
[32, 2, 512, 8, 2, 3, 32, 3, 1, 2, 8]--1.4998635146656296
[32, 2, 512, 8, 2, 4, 128, 4, 1, 1, 4]--2.411414474176227
[32, 2, 512, 8, 4, 4, 128, 4, 1, 1, 8]--1.5693401588464932
[32, 2, 512, 8, 6, 4, 32, 1, 1, 1, 24]--1.4700106196808114
[32, 4, 1024, 2, 10, 5, 128, 5, 1, 2, 8]--1.2742392344855438
[32, 4, 1024, 2, 6, 4, 128, 4, 1, 1, 16]--0.9937413060711668
[32, 4, 1024, 4, 8, 2, 96, 2, 1, 2, 24]--1.253885157874269
[32, 4, 1024, 4, 8, 3, 128, 3, 1, 1, 16]--0.9890578024739369
[32, 4, 128, 16, 2, 4, 32, 4, 1, 1, 16]--1.1290394049987287
[32, 4, 128, 16, 4, 2, 96, 2, 1, 1, 4]--1.5752623135946873
[32, 4, 128, 2, 4, 4, 128, 4, 1, 1, 16]--1.0312224224838087
[32, 4, 128, 2, 6, 4, 96, 4, 1, 1, 16]--1.0317094694646785
[32, 4, 128, 4, 6, 2, 128, 2, 1, 1, 16]--1.2589510073739474
[32, 4, 128, 4, 6, 4, 128, 4, 1, 1, 4]--2.097650582586715
[32, 4, 128, 8, 2, 5, 160, 3, 2, 2, 24]--0.971564308898096
[32, 4, 128, 8, 4, 3, 96, 3, 1, 2, 8]--1.187508413479516
[32, 4, 128, 8, 6, 4, 128, 4, 1, 1, 8]--1.256828006042748
[32, 4, 128, 8, 8, 5, 96, 5, 1, 2, 8]--1.2808110968185829
[32, 4, 256, 16, 2, 3, 128, 3, 1, 2, 16]--0.9859223791076477
[32, 4, 256, 2, 4, 3, 96, 1, 1, 1, 16]--1.0607210164978984
[32, 4, 256, 4, 2, 5, 160, 3, 2, 2, 16]--0.9680026025696636
[32, 4, 256, 4, 2, 5, 160, 3, 2, 2, 24]--0.9644081771542247
[32, 4, 256, 4, 2, 5, 160, 3, 2, 2, 8]--1.263755104177573
[32, 4, 256, 4, 4, 2, 64, 1, 2, 2, 4]--1.626825725054968
[32, 4, 256, 4, 4, 2, 64, 2, 2, 2, 4]--1.5611688005743602
[32, 4, 256, 4, 4, 5, 128, 3, 2, 2, 16]--0.964423134451142
[32, 4, 256, 4, 4, 5, 128, 3, 2, 2, 24]--0.9643090850621475
[32, 4, 256, 4, 4, 5, 160, 3, 2, 2, 8]--1.2633979987136725
[32, 4, 256, 4, 6, 2, 32, 1, 1, 2, 16]--1.2847177558071705
[32, 4, 256, 4, 6, 2, 96, 2, 1, 1, 16]--1.251631280195043
[32, 4, 256, 4, 8, 5, 128, 4, 1, 2, 16]--0.995541790687587
[32, 4, 256, 4, 8, 5, 96, 5, 2, 2, 8]--1.2635148525958388
[32, 4, 256, 8, 10, 4, 32, 4, 1, 2, 24]--1.1059238374440972
[32, 4, 256, 8, 2, 2, 96, 2, 1, 2, 2]--2.420870290321133
[32, 4, 256, 8, 2, 3, 96, 3, 1, 1, 8]--1.1870699777136275
[32, 4, 256, 8, 8, 3, 128, 3, 1, 1, 4]--1.7514611409426089
[32, 4, 512, 16, 2, 2, 96, 1, 1, 1, 16]--1.2890320011367546
[32, 4, 512, 2, 2, 4, 128, 4, 1, 1, 16]--0.9976900324573343
[32, 4, 512, 2, 2, 5, 160, 3, 2, 2, 24]--0.9666639244955652
[32, 4, 512, 2, 8, 3, 96, 3, 2, 1, 16]--0.9787933574644391
[32, 4, 512, 8, 2, 5, 160, 3, 1, 2, 24]--0.9779361173848662
[32, 8, 1024, 2, 2, 3, 128, 3, 1, 1, 16]--0.881534469090746
[32, 8, 1024, 2, 2, 3, 32, 3, 1, 1, 8]--1.0770693420285087
[32, 8, 1024, 2, 6, 3, 64, 3, 1, 1, 16]--0.8831984683727957
[32, 8, 1024, 2, 8, 4, 32, 3, 1, 1, 8]--1.1303154493919858
[32, 8, 1024, 2, 8, 4, 32, 4, 1, 1, 8]--1.1385513110070749
[32, 8, 1024, 4, 10, 2, 128, 2, 1, 1, 2]--2.339699844444112
[32, 8, 128, 2, 4, 5, 160, 1, 1, 1, 24]--1.0045797373498662
[32, 8, 128, 2, 4, 5, 64, 4, 1, 1, 24]--0.9510017649610363
[32, 8, 128, 2, 6, 3, 32, 3, 1, 1, 16]--1.0471061369789252
[32, 8, 128, 2, 6, 4, 64, 4, 1, 1, 16]--0.9350862662099705
[32, 8, 128, 4, 2, 3, 64, 3, 1, 1, 16]--0.8923364419582093
[32, 8, 128, 8, 4, 4, 160, 2, 2, 1, 16]--0.8758721973764901
[32, 8, 2048, 2, 10, 2, 64, 1, 1, 1, 2]--2.388935526571638
[32, 8, 2048, 2, 4, 4, 128, 2, 1, 2, 4]--2.017062536458411
[32, 8, 256, 16, 6, 2, 64, 2, 1, 2, 4]--1.4863701631841093
[32, 8, 256, 4, 4, 2, 64, 2, 1, 1, 16]--1.1740337586191423
[32, 8, 256, 8, 8, 4, 96, 4, 1, 1, 16]--0.887882906801083
[32, 8, 512, 2, 2, 3, 96, 1, 1, 1, 24]--0.9730020790642715
[32, 8, 512, 2, 6, 3, 96, 3, 1, 1, 16]--0.8842613712849814
[32, 8, 512, 2, 6, 4, 96, 4, 1, 1, 16]--0.8897329374635415
[32, 8, 512, 2, 8, 3, 128, 3, 1, 1, 8]--1.0824109666900998
[32, 8, 512, 4, 2, 3, 128, 3, 1, 1, 16]--0.8813951792632035
[32, 8, 512, 4, 6, 3, 160, 3, 1, 1, 4]--1.6517268199291024
[32, 8, 512, 4, 6, 3, 32, 3, 1, 1, 16]--1.0008048895403623
[32, 8, 512, 4, 6, 4, 64, 4, 1, 1, 16]--0.8892430859895
[64, 16, 128, 2, 2, 5, 160, 1, 1, 1, 24]--0.9902197974781998
[64, 16, 128, 2, 2, 5, 32, 1, 1, 1, 24]--1.1326254169346515
[64, 2, 1024, 2, 2, 4, 32, 4, 2, 1, 8]--1.3938190840151368
[64, 2, 1024, 4, 4, 4, 64, 4, 1, 1, 16]--1.149705715183152
[64, 2, 128, 2, 10, 2, 32, 1, 1, 2, 2]--2.646839523161374
[64, 2, 128, 2, 10, 5, 32, 5, 2, 1, 24]--1.2962834856484735
[64, 2, 128, 2, 4, 2, 64, 1, 1, 1, 24]--1.4719101963893084
[64, 2, 128, 4, 2, 4, 64, 4, 1, 2, 8]--1.4025887341639618
[64, 2, 128, 8, 2, 5, 128, 3, 2, 2, 24]--1.1402798136320804
[64, 2, 2048, 2, 8, 5, 160, 3, 1, 2, 8]--1.4332044512915625
[64, 2, 256, 16, 2, 2, 128, 1, 1, 2, 8]--1.4793430381261499
[64, 2, 256, 2, 10, 4, 64, 4, 1, 1, 24]--1.160164605052575
[64, 2, 256, 2, 10, 5, 32, 5, 1, 1, 24]--1.2513396129051557
[64, 2, 256, 4, 4, 4, 32, 4, 1, 1, 4]--2.2336610227799634
[64, 2, 256, 4, 4, 5, 128, 3, 2, 2, 16]--1.1207998040594105
[64, 2, 256, 4, 4, 5, 64, 1, 2, 2, 16]--1.2129451665495012
[64, 2, 256, 8, 10, 5, 96, 2, 1, 1, 16]--1.1587128124205393
[64, 2, 256, 8, 2, 4, 128, 4, 1, 2, 8]--1.3790637106062194
[64, 2, 256, 8, 2, 4, 64, 1, 1, 1, 16]--1.2213736033624003
[64, 2, 256, 8, 2, 4, 64, 1, 1, 1, 24]--1.22992450304381
[64, 2, 256, 8, 2, 4, 64, 1, 1, 1, 8]--1.4748436962472142
[64, 2, 256, 8, 2, 4, 64, 1, 2, 1, 16]--1.2104931046861211
[64, 2, 256, 8, 2, 4, 64, 1, 2, 1, 24]--1.2199115275887342
[64, 2, 256, 8, 2, 4, 64, 1, 2, 1, 8]--1.4522516340846883
[64, 2, 256, 8, 2, 4, 64, 2, 1, 1, 16]--1.1554025756465292
[64, 2, 256, 8, 2, 4, 64, 2, 1, 1, 24]--1.1636169361472994
[64, 2, 256, 8, 2, 4, 64, 2, 1, 1, 8]--1.4042106660484317
[64, 2, 256, 8, 2, 4, 64, 2, 2, 1, 16]--1.1476313250669339
[64, 2, 256, 8, 2, 4, 64, 2, 2, 1, 24]--1.1588006865399285
[64, 2, 256, 8, 2, 4, 64, 2, 2, 1, 8]--1.3806239436409051
[64, 2, 256, 8, 2, 4, 64, 1, 1, 2, 16]--1.2164975245673602
[64, 2, 256, 8, 2, 4, 64, 1, 1, 2, 24]--1.2203882914279731
[64, 2, 256, 8, 2, 4, 64, 1, 1, 2, 8]--1.4738434270158698
[64, 2, 256, 8, 2, 4, 64, 1, 2, 2, 16]--1.200789558311022
[64, 2, 256, 8, 2, 4, 64, 1, 2, 2, 8]--1.450002430560749
[64, 2, 256, 8, 2, 5, 96, 3, 2, 1, 16]--1.1304696965164456
[64, 2, 512, 2, 4, 2, 32, 2, 1, 1, 8]--1.432187355101186
[64, 2, 512, 2, 4, 3, 32, 3, 1, 2, 4]--1.9123708063478768
[64, 2, 512, 4, 8, 5, 64, 1, 2, 2, 8]--1.5163866536039607
[64, 2, 512, 4, 8, 5, 96, 5, 1, 2, 24]--1.12778486171979
[64, 2, 512, 8, 10, 1, 64, 1, 1, 1, 4]--1.7595016228667155
[64, 4, 1024, 2, 10, 2, 64, 1, 1, 1, 24]--1.2195254423620563
[64, 4, 1024, 4, 8, 5, 128, 1, 1, 1, 24]--0.9699582691416008
[64, 4, 128, 16, 10, 4, 160, 4, 1, 1, 16]--0.8900507800230343
[64, 4, 128, 2, 8, 5, 128, 5, 1, 1, 8]--1.218291465366379
[64, 4, 128, 4, 10, 2, 32, 2, 1, 1, 8]--1.202829359678119
[64, 4, 128, 4, 10, 2, 32, 1, 1, 2, 8]--1.2481144457573627
[64, 4, 128, 4, 2, 3, 128, 3, 1, 1, 4]--1.658791338229355
[64, 4, 128, 8, 2, 3, 32, 3, 1, 1, 4]--1.653810558355894
[64, 4, 128, 8, 2, 5, 128, 3, 2, 2, 16]--0.856874560629403
[64, 4, 128, 8, 2, 5, 128, 3, 2, 2, 24]--0.8567979044827019
[64, 4, 128, 8, 2, 5, 128, 3, 2, 2, 8]--1.1572647591127332
[64, 4, 128, 8, 2, 5, 160, 3, 2, 2, 16]--0.856874560629403
[64, 4, 128, 8, 2, 5, 160, 3, 2, 2, 8]--1.1572647591127332
[64, 4, 128, 8, 2, 5, 96, 3, 2, 2, 16]--0.8570222639364614
[64, 4, 128, 8, 2, 5, 96, 3, 2, 2, 8]--1.1572647591127332
[64, 4, 128, 8, 4, 5, 128, 3, 2, 2, 8]--1.1575732533616525
[64, 4, 128, 8, 4, 5, 96, 3, 2, 2, 8]--1.1575732533616525
[64, 4, 128, 8, 8, 5, 128, 3, 2, 2, 16]--0.8582805465396294
[64, 4, 128, 8, 8, 5, 128, 3, 2, 2, 8]--1.1566459009527799
[64, 4, 256, 4, 2, 4, 128, 2, 1, 1, 16]--0.8936872728360531
[64, 4, 256, 4, 2, 4, 128, 2, 1, 1, 24]--0.8970003141032352
[64, 4, 256, 4, 2, 4, 128, 2, 2, 1, 16]--0.8732247558221278
[64, 4, 256, 4, 2, 4, 128, 2, 2, 1, 24]--0.8789655533451994
[64, 4, 256, 4, 2, 4, 128, 3, 1, 1, 16]--0.8831068549291772
[64, 4, 256, 4, 2, 4, 128, 3, 1, 1, 24]--0.8828619291921564
[64, 4, 256, 4, 2, 4, 128, 3, 2, 1, 16]--0.8618114034431698
[64, 4, 256, 4, 2, 4, 128, 3, 2, 1, 24]--0.8651683817700465
[64, 4, 256, 4, 2, 4, 128, 2, 1, 2, 16]--0.8931488101470302
[64, 4, 256, 4, 2, 4, 128, 2, 1, 2, 24]--0.894310805151293
[64, 4, 256, 4, 2, 4, 128, 2, 2, 2, 16]--0.871871120451112
[64, 4, 256, 4, 2, 4, 128, 2, 2, 2, 24]--0.8753926290440791
[64, 4, 256, 4, 2, 4, 128, 3, 1, 2, 16]--0.8789823803042314
[64, 4, 256, 4, 2, 4, 128, 3, 1, 2, 24]--0.8802275752725968
[64, 4, 256, 4, 2, 4, 128, 3, 2, 2, 16]--0.8591031978700809
[64, 4, 256, 4, 2, 4, 128, 3, 2, 2, 24]--0.8608045903944239
[64, 4, 256, 4, 2, 4, 160, 2, 1, 1, 16]--0.8936872728360531
[64, 4, 256, 4, 2, 4, 160, 2, 1, 1, 24]--0.8970003141032352
[64, 4, 256, 4, 2, 4, 160, 2, 2, 1, 16]--0.8732247558221278
[64, 4, 256, 4, 2, 4, 160, 2, 2, 1, 24]--0.8789655533451994
[64, 4, 256, 4, 2, 4, 160, 3, 1, 1, 16]--0.8831068549291772
[64, 4, 256, 4, 2, 4, 160, 3, 1, 1, 24]--0.8828619291921564
[64, 4, 256, 4, 2, 4, 160, 3, 2, 1, 16]--0.8618114034431698
[64, 4, 256, 4, 2, 4, 160, 3, 2, 1, 24]--0.8651683817700465
[64, 4, 256, 4, 2, 4, 160, 2, 1, 2, 16]--0.8931488101470302
[64, 4, 256, 4, 2, 4, 160, 2, 1, 2, 24]--0.894310805151293
[64, 4, 256, 4, 2, 4, 160, 2, 2, 2, 16]--0.871871120451112
[64, 4, 256, 4, 2, 4, 160, 2, 2, 2, 24]--0.8753926290440791
[64, 4, 256, 4, 2, 4, 160, 3, 1, 2, 16]--0.8789823803042314
[64, 4, 256, 4, 2, 4, 160, 3, 1, 2, 24]--0.8802275752725968
[64, 4, 256, 4, 2, 4, 160, 3, 2, 2, 16]--0.8591031978700809
[64, 4, 256, 4, 2, 4, 160, 3, 2, 2, 24]--0.8608045903944239
[64, 4, 256, 4, 2, 4, 96, 2, 1, 1, 16]--0.8936872728360531
[64, 4, 256, 4, 2, 4, 96, 2, 1, 1, 24]--0.8971882151457589
[64, 4, 256, 4, 2, 4, 96, 2, 2, 1, 16]--0.8732247558221278
[64, 4, 256, 4, 2, 4, 96, 2, 2, 1, 24]--0.8789197466233902
[64, 4, 256, 4, 2, 4, 96, 3, 1, 1, 16]--0.8831068549291772
[64, 4, 256, 4, 2, 4, 96, 3, 1, 1, 24]--0.883856589437157
[64, 4, 256, 4, 2, 4, 96, 3, 2, 1, 16]--0.8618114034431698
[64, 4, 256, 4, 2, 4, 96, 3, 2, 1, 24]--0.8644167775999522
[64, 4, 256, 4, 2, 4, 96, 2, 1, 2, 16]--0.8931488101470302
[64, 4, 256, 4, 2, 4, 96, 2, 1, 2, 24]--0.8942958478543758
[64, 4, 256, 4, 2, 4, 96, 2, 2, 2, 16]--0.871871120451112
[64, 4, 256, 4, 2, 4, 96, 2, 2, 2, 24]--0.8756543817401319
[64, 4, 256, 4, 2, 4, 96, 3, 1, 2, 16]--0.8789823803042314
[64, 4, 256, 4, 2, 4, 96, 3, 1, 2, 24]--0.8801172652078316
[64, 4, 256, 4, 2, 4, 96, 3, 2, 2, 16]--0.8591031978700809
[64, 4, 256, 4, 2, 4, 96, 3, 2, 2, 24]--0.8608101993807679
[64, 4, 256, 4, 2, 5, 128, 2, 1, 1, 16]--0.8996832792377761
[64, 4, 256, 4, 2, 5, 128, 2, 1, 1, 24]--0.8919681185216207
[64, 4, 256, 4, 2, 5, 128, 2, 2, 1, 16]--0.8720926754116995
[64, 4, 256, 4, 2, 5, 128, 2, 2, 1, 24]--0.8716850890707032
[64, 4, 256, 4, 2, 5, 128, 3, 1, 1, 16]--0.8867181073036481
[64, 4, 256, 4, 2, 5, 128, 2, 2, 2, 16]--0.8687917869482628
[64, 4, 256, 4, 2, 5, 128, 2, 2, 2, 24]--0.8714158577261917
[64, 4, 256, 4, 2, 5, 128, 3, 1, 2, 16]--0.8832648413778662
[64, 4, 256, 4, 2, 5, 128, 3, 1, 2, 24]--0.8762339769956773
[64, 4, 256, 4, 2, 5, 128, 3, 2, 2, 16]--0.8560818238927861
[64, 4, 256, 4, 2, 5, 128, 3, 2, 2, 24]--0.8539747146895613
[64, 4, 256, 4, 2, 5, 128, 3, 2, 2, 8]--1.1541714031440238
[64, 4, 256, 4, 2, 5, 160, 2, 1, 1, 16]--0.8996832792377761
[64, 4, 256, 4, 2, 5, 160, 2, 1, 1, 24]--0.8919681185216207
[64, 4, 256, 4, 2, 5, 160, 2, 2, 1, 16]--0.8720926754116995
[64, 4, 256, 4, 2, 5, 160, 3, 1, 1, 16]--0.8867181073036481
[64, 4, 256, 4, 2, 5, 160, 3, 1, 1, 24]--0.8806379661067651
[64, 4, 256, 4, 2, 5, 160, 3, 2, 1, 16]--0.8613879249741987
[64, 4, 256, 4, 2, 5, 160, 3, 2, 1, 24]--0.8601483389921774
[64, 4, 256, 4, 2, 5, 160, 2, 1, 2, 16]--0.8972910465620653
[64, 4, 256, 4, 2, 5, 160, 2, 1, 2, 24]--0.8913296289094634
[64, 4, 256, 4, 2, 5, 160, 2, 2, 2, 16]--0.8687917869482628
[64, 4, 256, 4, 2, 5, 160, 2, 2, 2, 24]--0.8714158577261917
[64, 4, 256, 4, 2, 5, 160, 3, 1, 2, 16]--0.8832648413778662
[64, 4, 256, 4, 2, 5, 160, 3, 1, 2, 24]--0.8762339769956773
[64, 4, 256, 4, 2, 5, 160, 3, 2, 2, 16]--0.8560818238927861
[64, 4, 256, 4, 2, 5, 160, 3, 2, 2, 24]--0.8539747146895613
[64, 4, 256, 4, 2, 5, 160, 3, 2, 2, 8]--1.1541714031440238
[64, 4, 256, 4, 2, 5, 96, 2, 1, 1, 16]--0.8985979403802145
[64, 4, 256, 4, 2, 5, 96, 2, 1, 1, 24]--0.892476666616809
[64, 4, 256, 4, 2, 5, 96, 2, 2, 1, 16]--0.8721646574031141
[64, 4, 256, 4, 2, 5, 96, 2, 2, 1, 24]--0.8717533317378884
[64, 4, 256, 4, 2, 5, 96, 3, 1, 1, 16]--0.8867153028104761
[64, 4, 256, 4, 2, 5, 96, 3, 1, 1, 24]--0.880442586415783
[64, 4, 256, 4, 2, 5, 96, 3, 2, 1, 16]--0.8610999970085406
[64, 4, 256, 4, 2, 5, 96, 3, 2, 1, 24]--0.8606662353979389
[64, 4, 256, 4, 2, 5, 96, 2, 1, 2, 16]--0.8958560808890618
[64, 4, 256, 4, 2, 5, 96, 2, 1, 2, 24]--0.8907519033160327
[64, 4, 256, 4, 2, 5, 96, 2, 2, 2, 16]--0.8692190047414631
[64, 4, 256, 4, 2, 5, 96, 2, 2, 2, 24]--0.8711438218885084
[64, 4, 256, 4, 2, 5, 96, 3, 1, 2, 16]--0.8829105404071376
[64, 4, 256, 4, 2, 5, 96, 3, 1, 2, 24]--0.8757198199141452
[64, 4, 256, 4, 2, 5, 96, 3, 2, 2, 16]--0.8560556486231808
[64, 4, 256, 4, 2, 5, 96, 3, 2, 2, 24]--0.8541672898873716
[64, 4, 256, 4, 2, 5, 96, 3, 2, 2, 8]--1.1541714031440238
[64, 4, 256, 4, 4, 5, 128, 3, 2, 2, 16]--0.8559668396727343
[64, 4, 256, 4, 4, 5, 128, 3, 2, 2, 8]--1.1549594657253541
[64, 4, 256, 4, 4, 5, 96, 3, 2, 2, 16]--0.8557013476524522
[64, 4, 256, 4, 4, 5, 96, 3, 2, 2, 8]--1.1549594657253541
[64, 4, 256, 4, 6, 2, 160, 2, 1, 1, 24]--1.1725025053472335
[64, 4, 256, 4, 8, 5, 128, 3, 2, 2, 8]--1.153904041461627
[64, 4, 256, 8, 10, 2, 160, 2, 2, 2, 2]--2.3330083237357346
[64, 4, 512, 2, 2, 4, 128, 2, 1, 1, 16]--0.8956176989694422
[64, 4, 512, 2, 2, 4, 128, 2, 1, 1, 24]--0.897281698251492
[64, 4, 512, 2, 2, 4, 128, 2, 2, 1, 16]--0.8763414825672704
[64, 4, 512, 2, 2, 4, 128, 2, 2, 1, 24]--0.8783438906920741
[64, 4, 512, 2, 2, 4, 128, 3, 1, 1, 16]--0.8820467565101635
[64, 4, 512, 2, 2, 4, 128, 3, 1, 1, 24]--0.8835116367770016
[64, 4, 512, 2, 2, 4, 128, 3, 2, 1, 16]--0.8616730484466847
[64, 4, 512, 2, 2, 4, 128, 3, 2, 1, 24]--0.8652441030856903
[64, 4, 512, 2, 2, 4, 128, 2, 1, 2, 16]--0.8932563157186233
[64, 4, 512, 2, 2, 4, 128, 2, 1, 2, 24]--0.8948745082788638
[64, 4, 512, 2, 2, 4, 128, 2, 2, 2, 16]--0.8732724322060518
[64, 4, 512, 2, 2, 4, 128, 2, 2, 2, 24]--0.8763424173983277
[64, 4, 512, 2, 2, 4, 128, 3, 1, 2, 16]--0.8809483300177992
[64, 4, 512, 2, 2, 4, 128, 3, 1, 2, 24]--0.881661606114543
[64, 4, 512, 2, 2, 4, 128, 3, 2, 2, 16]--0.8587488968993523
[64, 4, 512, 2, 2, 4, 128, 3, 2, 2, 24]--0.8630257489866431
[64, 4, 512, 2, 2, 4, 160, 2, 1, 1, 16]--0.8956176989694422
[64, 4, 512, 2, 2, 4, 160, 2, 1, 1, 24]--0.897281698251492
[64, 4, 512, 2, 2, 4, 160, 2, 2, 1, 16]--0.8763414825672704
[64, 4, 512, 2, 2, 4, 160, 2, 2, 1, 24]--0.8783438906920741
[64, 4, 512, 2, 2, 4, 160, 3, 1, 1, 16]--0.8820467565101635
[64, 4, 512, 2, 2, 4, 160, 3, 1, 1, 24]--0.8835116367770016
[64, 4, 512, 2, 2, 4, 160, 3, 2, 1, 16]--0.8616730484466847
[64, 4, 512, 2, 2, 4, 160, 3, 2, 1, 24]--0.8652441030856903
[64, 4, 512, 2, 2, 4, 160, 2, 1, 2, 16]--0.8932563157186233
[64, 4, 512, 2, 2, 4, 160, 2, 1, 2, 24]--0.8948745082788638
[64, 4, 512, 2, 2, 4, 160, 2, 2, 2, 16]--0.8732724322060518
[64, 4, 512, 2, 2, 4, 160, 2, 2, 2, 24]--0.8763424173983277
[64, 4, 512, 2, 2, 4, 160, 3, 1, 2, 16]--0.8809483300177992
[64, 4, 512, 2, 2, 4, 160, 3, 1, 2, 24]--0.881661606114543
[64, 4, 512, 2, 2, 4, 160, 3, 2, 2, 16]--0.8587488968993523
[64, 4, 512, 2, 2, 4, 160, 3, 2, 2, 24]--0.8630257489866431
[64, 4, 512, 2, 2, 4, 96, 2, 1, 1, 16]--0.8956176989694422
[64, 4, 512, 2, 2, 4, 96, 2, 1, 1, 24]--0.8973209611558999
[64, 4, 512, 2, 2, 4, 96, 2, 2, 1, 16]--0.8763414825672704
[64, 4, 512, 2, 2, 4, 96, 2, 2, 1, 24]--0.8786308838266749
[64, 4, 512, 2, 2, 4, 96, 3, 1, 1, 16]--0.8820467565101635
[64, 4, 512, 2, 2, 4, 96, 3, 1, 1, 24]--0.883822935519093
[64, 4, 512, 2, 2, 4, 96, 3, 2, 1, 16]--0.8616730484466847
[64, 4, 512, 2, 2, 4, 96, 3, 2, 1, 24]--0.8652254064645437
[64, 4, 512, 2, 2, 4, 96, 2, 1, 2, 16]--0.8932563157186233
[64, 4, 512, 2, 2, 4, 96, 2, 1, 2, 24]--0.8948660947993479
[64, 4, 512, 2, 2, 4, 96, 2, 2, 2, 16]--0.8732724322060518
[64, 4, 512, 2, 2, 4, 96, 2, 2, 2, 24]--0.8759899860897139
[64, 4, 512, 2, 2, 4, 96, 3, 1, 2, 16]--0.8809483300177992
[64, 4, 512, 2, 2, 4, 96, 3, 1, 2, 24]--0.8812343883213426
[64, 4, 512, 2, 2, 4, 96, 3, 2, 2, 16]--0.8587488968993523
[64, 4, 512, 2, 2, 4, 96, 3, 2, 2, 24]--0.863067816384223
[64, 4, 512, 2, 2, 5, 128, 2, 1, 1, 16]--0.9009658674484348
[64, 4, 512, 2, 2, 5, 128, 2, 1, 1, 24]--0.8914333951568273
[64, 4, 512, 2, 2, 5, 128, 2, 2, 1, 16]--0.8726087021553465
[64, 4, 512, 2, 2, 5, 128, 2, 2, 1, 24]--0.8716579789700405
[64, 4, 512, 2, 2, 5, 128, 3, 1, 1, 16]--0.8879016034222296
[64, 4, 512, 2, 2, 5, 128, 3, 1, 1, 24]--0.8808165188387155
[64, 4, 512, 2, 2, 5, 128, 3, 2, 1, 16]--0.8617422259449272
[64, 4, 512, 2, 2, 5, 128, 3, 2, 1, 24]--0.8607475656999267
[64, 4, 512, 2, 2, 5, 128, 2, 1, 2, 16]--0.8954671911692119
[64, 4, 512, 2, 2, 5, 128, 2, 1, 2, 24]--0.8897217194908537
[64, 4, 512, 2, 2, 5, 128, 2, 2, 2, 16]--0.8682701512182718
[64, 4, 512, 2, 2, 5, 128, 2, 2, 2, 24]--0.8707689546345184
[64, 4, 512, 2, 2, 5, 128, 3, 1, 2, 16]--0.8823645990696561
[64, 4, 512, 2, 2, 5, 128, 3, 1, 2, 24]--0.8754449795832897
[64, 4, 512, 2, 2, 5, 128, 3, 2, 2, 16]--0.85610145534499
[64, 4, 512, 2, 2, 5, 128, 3, 2, 2, 24]--0.8555246645826167
[64, 4, 512, 2, 2, 5, 128, 3, 2, 2, 8]--1.1548136320804103
[64, 4, 512, 2, 2, 5, 160, 2, 1, 1, 16]--0.9009658674484348
[64, 4, 512, 2, 2, 5, 160, 2, 1, 1, 24]--0.8914333951568273
[64, 4, 512, 2, 2, 5, 160, 2, 2, 1, 16]--0.8726087021553465
[64, 4, 512, 2, 2, 5, 160, 2, 2, 1, 24]--0.8716579789700405
[64, 4, 512, 2, 2, 5, 160, 3, 1, 1, 16]--0.8879016034222296
[64, 4, 512, 2, 2, 5, 160, 3, 1, 1, 24]--0.8808165188387155
[64, 4, 512, 2, 2, 5, 160, 3, 2, 1, 16]--0.8617422259449272
[64, 4, 512, 2, 2, 5, 160, 3, 2, 1, 24]--0.8607475656999267
[64, 4, 512, 2, 2, 5, 160, 2, 1, 2, 16]--0.8954671911692119
[64, 4, 512, 2, 2, 5, 160, 2, 1, 2, 24]--0.8897217194908537
[64, 4, 512, 2, 2, 5, 160, 2, 2, 2, 16]--0.8682701512182718
[64, 4, 512, 2, 2, 5, 160, 2, 2, 2, 24]--0.8707689546345184
[64, 4, 512, 2, 2, 5, 160, 3, 1, 2, 16]--0.8823645990696561
[64, 4, 512, 2, 2, 5, 160, 3, 1, 2, 24]--0.8754449795832897
[64, 4, 512, 2, 2, 5, 160, 3, 2, 2, 16]--0.85610145534499
[64, 4, 512, 2, 2, 5, 160, 3, 2, 2, 24]--0.8555246645826167
[64, 4, 512, 2, 2, 5, 160, 3, 2, 2, 8]--1.1548136320804103
[64, 4, 512, 2, 2, 5, 96, 2, 1, 1, 16]--0.90009180040983
[64, 4, 512, 2, 2, 5, 96, 2, 1, 1, 24]--0.8924663834751784
[64, 4, 512, 2, 2, 5, 96, 2, 2, 1, 16]--0.8726096369864038
[64, 4, 512, 2, 2, 5, 96, 2, 2, 1, 24]--0.8726376819181237
[64, 4, 512, 2, 2, 5, 96, 3, 1, 1, 16]--0.8879829337242173
[64, 4, 512, 2, 2, 5, 96, 3, 1, 1, 24]--0.8806202043166759
[64, 4, 512, 2, 2, 5, 96, 3, 2, 1, 16]--0.8618946034072722
[64, 4, 512, 2, 2, 5, 96, 3, 2, 1, 24]--0.8613645541977654
[64, 4, 512, 2, 2, 5, 96, 2, 1, 2, 16]--0.8956532225496209
[64, 4, 512, 2, 2, 5, 96, 2, 1, 2, 24]--0.8903443169750362
[64, 4, 512, 2, 2, 5, 96, 2, 2, 2, 16]--0.8675858548843053
[64, 4, 512, 2, 2, 5, 96, 2, 2, 2, 24]--0.8701370088397625
[64, 4, 512, 2, 2, 5, 96, 3, 1, 2, 16]--0.8818700734403279
[64, 4, 512, 2, 2, 5, 96, 3, 1, 2, 24]--0.8764760982395261
[64, 4, 512, 2, 2, 5, 96, 3, 2, 2, 16]--0.8560780845685567
[64, 4, 512, 2, 2, 5, 96, 3, 2, 2, 24]--0.855234866954844
[64, 4, 512, 2, 4, 5, 128, 3, 2, 2, 8]--1.1557652900967736
[64, 4, 512, 2, 4, 5, 160, 3, 2, 2, 8]--1.1557652900967736
[64, 4, 512, 2, 4, 5, 96, 3, 2, 2, 8]--1.1557652900967736
[64, 4, 512, 2, 8, 5, 128, 3, 2, 2, 8]--1.1555241036839823
[64, 4, 512, 2, 8, 5, 160, 3, 2, 2, 8]--1.1555241036839823
[64, 8, 1024, 2, 2, 5, 128, 3, 1, 2, 24]--0.8626733176780292
[64, 8, 1024, 2, 4, 5, 128, 3, 1, 2, 24]--0.8625143963982829
[64, 8, 1024, 4, 2, 3, 128, 2, 1, 2, 16]--0.8829731740879788
[64, 8, 1024, 4, 2, 3, 128, 2, 1, 2, 8]--1.077510582287569
[64, 8, 1024, 4, 2, 3, 160, 2, 1, 2, 8]--1.077510582287569
[64, 8, 1024, 4, 2, 4, 128, 2, 1, 2, 8]--1.119275094604903
[64, 8, 1024, 4, 2, 4, 160, 1, 2, 2, 24]--0.9470287329673781
[64, 8, 1024, 4, 2, 4, 160, 2, 1, 2, 16]--0.8791469105703217
[64, 8, 1024, 4, 2, 4, 160, 2, 1, 2, 24]--0.8812231703486546
[64, 8, 1024, 4, 2, 4, 160, 2, 1, 2, 8]--1.119275094604903
[64, 8, 1024, 4, 2, 5, 128, 2, 1, 2, 8]--1.171245157575123
[64, 8, 1024, 4, 2, 5, 160, 2, 1, 2, 16]--0.8822075474520245
[64, 8, 1024, 4, 2, 5, 160, 2, 1, 2, 24]--0.877510956219992
[64, 8, 1024, 4, 2, 5, 160, 2, 1, 2, 8]--1.171245157575123
[64, 8, 1024, 4, 4, 3, 128, 2, 1, 2, 8]--1.0779378000807693
[64, 8, 128, 16, 2, 3, 64, 1, 1, 1, 4]--1.7856338902433553
[64, 8, 128, 16, 2, 4, 128, 2, 1, 2, 8]--1.1210998848288138
[64, 8, 128, 2, 2, 3, 160, 3, 1, 1, 4]--1.684286050824895
[64, 8, 128, 2, 8, 5, 96, 3, 2, 2, 8]--1.1888508308778438
[64, 8, 128, 4, 4, 5, 32, 5, 1, 2, 8]--1.1653912454941142
[64, 8, 128, 4, 8, 3, 64, 2, 1, 2, 8]--1.0931260002692313
[64, 8, 128, 8, 10, 5, 32, 4, 1, 1, 16]--1.0072944867403564
[64, 8, 128, 8, 10, 5, 64, 1, 2, 1, 8]--1.279347151382802
[64, 8, 2048, 2, 2, 4, 128, 2, 1, 1, 8]--1.131159601836756
[64, 8, 2048, 2, 2, 4, 128, 2, 1, 2, 16]--0.879923755178964
[64, 8, 2048, 2, 2, 4, 128, 2, 1, 2, 24]--0.8810633142378509
[64, 8, 2048, 2, 2, 4, 128, 2, 1, 2, 8]--1.1188114184004667
[64, 8, 2048, 2, 2, 4, 160, 1, 2, 2, 16]--0.9477373349088353
[64, 8, 2048, 2, 2, 4, 160, 2, 1, 2, 16]--0.879923755178964
[64, 8, 2048, 2, 2, 4, 160, 2, 1, 2, 24]--0.8810633142378509
[64, 8, 2048, 2, 2, 4, 160, 2, 1, 2, 8]--1.1188114184004667
[64, 8, 2048, 2, 2, 5, 128, 2, 1, 2, 16]--0.8820972373872594
[64, 8, 2048, 2, 2, 5, 128, 2, 1, 2, 24]--0.8773146416979524
[64, 8, 2048, 2, 2, 5, 128, 2, 1, 2, 8]--1.1713003126075057
[64, 8, 2048, 2, 2, 5, 160, 2, 1, 2, 16]--0.8820972373872594
[64, 8, 2048, 2, 2, 5, 160, 2, 1, 2, 24]--0.8773146416979524
[64, 8, 2048, 2, 2, 5, 160, 2, 1, 2, 8]--1.1713003126075057
[64, 8, 2048, 2, 4, 4, 128, 2, 1, 2, 8]--1.118970339680213
[64, 8, 256, 16, 4, 4, 128, 4, 2, 1, 4]--1.9998943640905216
[64, 8, 256, 16, 8, 3, 128, 1, 2, 1, 24]--0.9515495759606324
[64, 8, 256, 8, 2, 4, 32, 3, 1, 1, 24]--1.001972493530969
[64, 8, 512, 2, 10, 5, 160, 2, 1, 2, 8]--1.1733457229609465
[64, 8, 512, 4, 10, 2, 160, 2, 1, 1, 2]--2.3274021418849187
[64, 8, 512, 4, 2, 4, 128, 2, 1, 2, 16]--0.8793357464439027
[64, 8, 512, 4, 2, 4, 128, 2, 1, 2, 24]--0.8813998534184903
[64, 8, 512, 4, 2, 4, 128, 2, 1, 2, 8]--1.1192171350793485
[64, 8, 512, 4, 2, 4, 128, 3, 1, 2, 16]--0.8660368398223073
[64, 8, 512, 4, 2, 4, 128, 3, 1, 2, 24]--0.8665313654516356
[64, 8, 512, 4, 2, 4, 160, 2, 1, 2, 16]--0.8793357464439027
[64, 8, 512, 4, 2, 4, 160, 2, 1, 2, 24]--0.8813998534184903
[64, 8, 512, 4, 2, 4, 160, 3, 1, 2, 16]--0.8660368398223073
[64, 8, 512, 4, 2, 4, 160, 3, 1, 2, 24]--0.8665313654516356
[64, 8, 512, 4, 2, 4, 96, 2, 1, 2, 16]--0.8793357464439027
[64, 8, 512, 4, 2, 4, 96, 2, 1, 2, 24]--0.8814017230806048
[64, 8, 512, 4, 2, 4, 96, 3, 1, 2, 16]--0.8660368398223073
[64, 8, 512, 4, 2, 4, 96, 3, 1, 2, 24]--0.8665294957895209
[64, 8, 512, 4, 2, 5, 128, 2, 1, 2, 16]--0.8824328417368413
[64, 8, 512, 4, 2, 5, 128, 2, 1, 2, 24]--0.8757207547452025
[64, 8, 512, 4, 2, 5, 128, 3, 1, 2, 16]--0.8693311844683429
[64, 8, 512, 4, 2, 5, 128, 3, 1, 2, 24]--0.8627237985551252
[64, 8, 512, 4, 2, 5, 160, 2, 1, 2, 16]--0.8824328417368413
[64, 8, 512, 4, 2, 5, 160, 2, 1, 2, 24]--0.8757207547452025
[64, 8, 512, 4, 2, 5, 160, 3, 1, 2, 16]--0.8693311844683429
[64, 8, 512, 4, 2, 5, 160, 3, 1, 2, 24]--0.8627237985551252
[64, 8, 512, 4, 2, 5, 96, 2, 1, 2, 16]--0.8827357269994167
[64, 8, 512, 4, 2, 5, 96, 2, 1, 2, 24]--0.8756796221786799
[64, 8, 512, 4, 2, 5, 96, 3, 1, 2, 16]--0.8689890363013596
[64, 8, 512, 4, 2, 5, 96, 3, 1, 2, 24]--0.8627041671029212
[64, 8, 512, 4, 4, 4, 128, 2, 1, 1, 4]--2.0131184842275305
[64, 8, 512, 4, 4, 5, 128, 3, 1, 2, 24]--0.8625873132207548
[32, 4, 256, 4, 4, 5, 160, 3, 2, 2, 16]--0.964423134451142
[16, 4, 256, 4, 2, 5, 160, 3, 2, 2, 16]--1.01823294494219
[16, 4, 256, 4, 4, 5, 160, 3, 2, 2, 16]--1.0197333487892069
[64, 8, 512, 8, 2, 2, 96, 2, 1, 2, 8]--1.1833708512197676
[16, 8, 128, 4, 2, 3, 32, 3, 1, 2, 4]--1.7496475686913862
[32, 16, 256, 2, 2, 2, 128, 2, 1, 2, 16]--1.16735439071451
[64, 8, 128, 2, 2, 5, 160, 1, 1, 1, 24]--0.9916005429498781
