[16, 16, 2048, 16, 10, 5, 32, 5, 2, 2, 8]--1.647934647934648
[16, 2, 1024, 2, 10, 4, 128, 4, 1, 1, 16]--3.6929300084414884
[16, 2, 1024, 2, 10, 5, 96, 5, 1, 2, 24]--3.66160477184377
[16, 2, 1024, 4, 10, 2, 160, 1, 2, 2, 16]--3.6884834382660827
[16, 2, 128, 16, 2, 3, 128, 1, 2, 1, 8]--4.23263093206637
[16, 2, 128, 16, 2, 4, 64, 4, 1, 1, 4]--4.520661099171876
[16, 2, 128, 2, 2, 1, 32, 1, 1, 1, 2]--4.77446748333457
[16, 2, 128, 2, 2, 1, 64, 1, 1, 1, 2]--4.77446748333457
[16, 2, 128, 2, 2, 1, 96, 1, 1, 1, 2]--4.77446748333457
[16, 2, 128, 2, 2, 2, 32, 2, 1, 1, 2]--4.974761166240065
[16, 2, 128, 2, 2, 4, 160, 4, 2, 2, 4]--4.808197389257676
[16, 2, 128, 2, 2, 5, 32, 5, 1, 1, 8]--4.612750100439133
[16, 2, 128, 2, 8, 2, 64, 2, 1, 1, 8]--3.8641560837931186
[16, 2, 128, 4, 2, 1, 128, 1, 1, 1, 2]--4.474651403417149
[16, 2, 128, 4, 2, 1, 32, 1, 1, 1, 8]--4.335705015393533
[16, 2, 128, 4, 8, 4, 96, 4, 1, 1, 24]--3.710758970008274
[16, 2, 128, 4, 8, 5, 160, 5, 1, 1, 16]--3.7101830271216096
[16, 2, 128, 8, 2, 1, 128, 1, 1, 1, 2]--4.439437830511892
[16, 2, 128, 8, 2, 3, 128, 1, 1, 1, 4]--4.390160344854138
[16, 2, 128, 8, 4, 1, 96, 1, 1, 1, 2]--3.953413283487003
[16, 2, 128, 8, 4, 1, 96, 1, 1, 1, 4]--3.830217499352472
[16, 2, 128, 8, 4, 2, 32, 1, 1, 1, 2]--4.174144701908353
[16, 2, 128, 8, 4, 4, 128, 3, 1, 2, 4]--4.044494198265711
[16, 2, 2048, 2, 10, 5, 128, 1, 2, 1, 16]--3.677520686377578
[16, 2, 2048, 2, 10, 5, 160, 5, 1, 1, 8]--3.7743375529670655
[16, 2, 2048, 2, 2, 4, 160, 2, 1, 2, 24]--4.206816517884016
[16, 2, 2048, 2, 6, 2, 160, 1, 1, 2, 4]--3.8447395129736046
[16, 2, 2048, 4, 4, 5, 32, 1, 1, 1, 8]--3.7810882732959947
[16, 2, 2048, 8, 10, 5, 64, 5, 2, 1, 16]--3.67259469137548
[16, 2, 256, 16, 4, 4, 96, 1, 1, 1, 24]--3.676784136837139
[16, 2, 256, 16, 6, 3, 32, 3, 1, 1, 4]--3.9048318383609857
[16, 2, 256, 2, 2, 2, 32, 2, 1, 1, 2]--4.724931590532382
[16, 2, 256, 2, 2, 5, 96, 4, 2, 2, 24]--4.2752446166144695
[16, 2, 256, 4, 10, 4, 160, 4, 2, 1, 24]--3.66740952378286
[16, 2, 256, 4, 4, 5, 32, 5, 1, 1, 8]--3.772471803945558
[16, 2, 256, 8, 8, 4, 32, 1, 1, 1, 4]--4.077199618656703
[16, 2, 512, 2, 4, 2, 160, 1, 1, 2, 2]--4.150566649433911
[16, 2, 512, 2, 4, 4, 64, 4, 1, 1, 4]--4.055924769103476
[16, 2, 512, 2, 8, 3, 160, 3, 1, 1, 4]--3.9034207118608477
[16, 2, 512, 2, 8, 4, 128, 4, 1, 1, 16]--3.701909117762761
[16, 2, 512, 4, 4, 1, 64, 1, 1, 1, 2]--3.949742580190786
[16, 2, 512, 8, 6, 2, 64, 1, 1, 1, 4]--3.865763872653125
[16, 4, 1024, 2, 8, 4, 128, 4, 1, 1, 8]--2.3212484197351455
[16, 4, 1024, 8, 10, 2, 160, 1, 1, 1, 2]--2.814800130570433
[16, 4, 1024, 8, 10, 2, 32, 2, 2, 2, 2]--2.7904685444312274
[16, 4, 128, 16, 8, 4, 64, 3, 2, 1, 4]--2.6403357838573425
[16, 4, 128, 2, 2, 4, 96, 1, 1, 1, 4]--3.3953911953911953
[16, 4, 128, 2, 4, 1, 32, 1, 1, 1, 2]--2.960581862784221
[16, 4, 128, 2, 6, 4, 160, 2, 1, 2, 8]--2.665957354470837
[16, 4, 128, 4, 10, 4, 96, 3, 1, 2, 16]--2.271093471093471
[16, 4, 128, 8, 6, 4, 32, 1, 1, 1, 4]--2.708234928483532
[16, 4, 128, 8, 6, 5, 160, 5, 1, 1, 16]--2.2575484575484577
[16, 4, 128, 8, 8, 2, 32, 2, 1, 1, 2]--2.8212137726589437
[16, 4, 2048, 2, 10, 2, 160, 1, 2, 1, 4]--2.4006274700859724
[16, 4, 2048, 2, 2, 3, 32, 3, 1, 1, 4]--2.689391340870113
[16, 4, 2048, 2, 4, 3, 160, 3, 1, 1, 4]--2.508993377279491
[16, 4, 256, 2, 6, 5, 128, 2, 1, 1, 24]--2.323729546692125
[16, 4, 512, 2, 10, 2, 128, 2, 1, 2, 2]--2.79471390080998
[16, 4, 512, 2, 10, 4, 128, 4, 1, 2, 4]--2.6686336521109744
[16, 4, 512, 2, 4, 3, 32, 2, 2, 2, 4]--2.459824209481601
[16, 4, 512, 4, 2, 5, 32, 3, 2, 1, 8]--2.4807981152966967
[16, 4, 512, 4, 8, 2, 64, 1, 1, 1, 2]--2.819087303199665
[16, 4, 512, 8, 6, 3, 32, 1, 1, 1, 4]--2.5244946324160358
[16, 8, 1024, 2, 2, 5, 128, 5, 1, 1, 8]--1.8764981177719011
[16, 8, 128, 16, 10, 5, 160, 2, 1, 2, 24]--1.782375744984089
[16, 8, 128, 2, 8, 4, 96, 4, 1, 1, 8]--2.2875546453633158
[16, 8, 128, 4, 2, 3, 128, 3, 1, 1, 4]--2.0676460252815083
[16, 8, 128, 8, 8, 3, 128, 3, 1, 1, 8]--1.8429575976134045
[16, 8, 2048, 2, 6, 3, 96, 3, 2, 1, 4]--1.9300742964100568
[16, 8, 2048, 2, 8, 2, 32, 1, 1, 1, 24]--1.8375373277463631
[16, 8, 256, 2, 10, 3, 32, 1, 2, 2, 16]--1.875787640501346
[16, 8, 256, 4, 2, 4, 32, 4, 1, 1, 24]--1.8357847906520313
[16, 8, 256, 4, 8, 3, 128, 3, 1, 1, 16]--1.8050351886410758
[16, 8, 256, 8, 2, 3, 32, 1, 2, 1, 16]--1.8179559221477
[16, 8, 512, 2, 4, 2, 96, 1, 2, 1, 2]--2.2863241337086224
[16, 8, 512, 2, 6, 4, 32, 4, 1, 1, 16]--1.803957008275501
[16, 8, 512, 4, 4, 5, 96, 1, 2, 1, 8]--1.810792195774788
[32, 16, 1024, 8, 10, 4, 96, 4, 2, 2, 24]--1.5291671974544585
[32, 16, 128, 2, 4, 3, 160, 1, 1, 2, 24]--2.092498918456522
[32, 16, 128, 4, 8, 3, 160, 3, 1, 2, 4]--1.7568167979002625
[32, 16, 512, 16, 8, 5, 160, 1, 2, 2, 8]--1.5543381629255877
[32, 16, 512, 4, 6, 4, 64, 3, 2, 1, 8]--1.5448913851490873
[32, 16, 512, 8, 4, 2, 128, 1, 1, 1, 4]--1.654560369796413
[32, 2, 1024, 2, 2, 4, 128, 4, 1, 1, 16]--2.5153939740127376
[32, 2, 1024, 2, 4, 4, 64, 4, 1, 1, 8]--2.3757911935139284
[32, 2, 128, 16, 8, 4, 160, 1, 1, 2, 24]--2.2891668311640676
[32, 2, 128, 2, 10, 4, 96, 4, 1, 1, 16]--2.5729581858069466
[32, 2, 128, 2, 2, 1, 32, 1, 1, 1, 4]--3.112709540030494
[32, 2, 128, 2, 6, 3, 64, 3, 1, 1, 8]--2.6424054398759034
[32, 2, 128, 2, 8, 3, 32, 3, 1, 1, 4]--2.8539886009970976
[32, 2, 128, 2, 8, 5, 160, 5, 1, 1, 24]--2.5522455967935445
[32, 2, 128, 4, 10, 4, 128, 4, 1, 2, 24]--2.316875763901431
[32, 2, 128, 4, 10, 4, 64, 4, 2, 1, 16]--2.3061441345334046
[32, 2, 128, 4, 2, 4, 128, 4, 1, 1, 8]--2.625116728385123
[32, 2, 128, 4, 4, 2, 32, 2, 2, 1, 8]--2.361882401694576
[32, 2, 128, 4, 4, 4, 128, 4, 1, 1, 16]--2.34388453552823
[32, 2, 128, 4, 6, 4, 128, 4, 1, 1, 16]--2.335535093528141
[32, 2, 2048, 2, 6, 5, 160, 1, 1, 2, 8]--2.3840264098482526
[32, 2, 2048, 4, 4, 2, 64, 1, 1, 2, 2]--2.836321503476664
[32, 2, 2048, 4, 8, 2, 128, 2, 1, 2, 2]--2.82270902658587
[32, 2, 2048, 4, 8, 3, 128, 2, 1, 1, 24]--2.306450687069925
[32, 2, 256, 16, 8, 2, 96, 1, 1, 2, 4]--2.471189587174652
[32, 2, 256, 2, 8, 1, 32, 1, 1, 1, 16]--2.4745909591722164
[32, 2, 256, 2, 8, 4, 160, 1, 1, 1, 24]--2.3541109918092338
[32, 2, 256, 2, 8, 4, 64, 4, 1, 1, 16]--2.3611422603572993
[32, 2, 256, 2, 8, 5, 160, 5, 1, 1, 8]--2.4508577132593103
[32, 2, 256, 4, 4, 2, 64, 2, 2, 1, 2]--2.864567615316826
[32, 2, 256, 4, 6, 2, 160, 1, 2, 2, 8]--2.3258948134769795
[32, 2, 256, 8, 2, 3, 128, 3, 1, 1, 4]--2.7286177648552585
[32, 2, 256, 8, 8, 2, 96, 2, 1, 1, 16]--2.332758454153619
[32, 2, 512, 4, 4, 2, 32, 1, 2, 2, 16]--2.315080459448298
[32, 2, 512, 4, 4, 5, 160, 5, 1, 1, 24]--2.285528086049445
[32, 2, 512, 8, 2, 3, 32, 3, 1, 2, 8]--2.537643380855112
[32, 2, 512, 8, 2, 4, 128, 4, 1, 1, 4]--2.889263309388777
[32, 2, 512, 8, 4, 4, 128, 4, 1, 1, 8]--2.373917961799134
[32, 2, 512, 8, 6, 4, 32, 1, 1, 1, 24]--2.3010762021697646
[32, 4, 1024, 2, 10, 5, 128, 5, 1, 2, 8]--1.8295852752628168
[32, 4, 1024, 2, 6, 4, 128, 4, 1, 1, 16]--1.7935310810791891
[32, 4, 1024, 4, 8, 2, 96, 2, 1, 2, 24]--1.8276938540384888
[32, 4, 1024, 4, 8, 3, 128, 3, 1, 1, 16]--1.7943934522151408
[32, 4, 128, 16, 2, 4, 32, 4, 1, 1, 16]--1.8330353780485587
[32, 4, 128, 16, 4, 2, 96, 2, 1, 1, 4]--1.9310200019317423
[32, 4, 128, 2, 4, 4, 128, 4, 1, 1, 16]--2.1979138814655745
[32, 4, 128, 2, 6, 4, 96, 4, 1, 1, 16]--2.202260105305452
[32, 4, 128, 4, 6, 2, 128, 2, 1, 1, 16]--1.8766218768066543
[32, 4, 128, 4, 6, 4, 128, 4, 1, 1, 4]--2.1938994496933484
[32, 4, 128, 8, 4, 3, 96, 3, 1, 2, 8]--1.824177685690086
[32, 4, 128, 8, 6, 4, 128, 4, 1, 1, 8]--1.8458675192796838
[32, 4, 128, 8, 8, 5, 96, 5, 1, 2, 8]--1.8403226054830613
[32, 4, 256, 16, 2, 3, 128, 3, 1, 2, 16]--1.8255959972392823
[32, 4, 256, 2, 4, 3, 96, 1, 1, 1, 16]--1.9057381122703965
[32, 4, 256, 4, 4, 2, 64, 1, 2, 2, 4]--1.8703731964969512
[32, 4, 256, 4, 4, 2, 64, 2, 2, 2, 4]--1.8674499909691817
[32, 4, 256, 4, 6, 2, 32, 1, 1, 2, 16]--1.8351492667903266
[32, 4, 256, 4, 6, 2, 96, 2, 1, 1, 16]--1.8398454398454398
[32, 4, 256, 4, 8, 5, 128, 4, 1, 2, 16]--1.7894954201005997
[32, 4, 256, 4, 8, 5, 96, 5, 2, 2, 8]--1.7892468090289395
[32, 4, 256, 8, 10, 4, 32, 4, 1, 2, 24]--1.7828784066997905
[32, 4, 256, 8, 2, 2, 96, 2, 1, 2, 2]--2.2746789954817697
[32, 4, 256, 8, 2, 3, 96, 3, 1, 1, 8]--1.8635367770891635
[32, 4, 256, 8, 8, 3, 128, 3, 1, 1, 4]--1.9690270504092628
[32, 4, 512, 16, 2, 2, 96, 1, 1, 1, 16]--1.8708308192838214
[32, 4, 512, 2, 2, 4, 128, 4, 1, 1, 16]--1.8350042911484736
[32, 4, 512, 2, 8, 3, 96, 3, 2, 1, 16]--1.7689989347242112
[32, 4, 512, 8, 2, 5, 160, 3, 1, 2, 24]--1.8011406828137402
[32, 8, 1024, 2, 2, 3, 128, 3, 1, 1, 16]--1.6920976844533986
[32, 8, 1024, 2, 2, 3, 32, 3, 1, 1, 8]--1.7134827134827135
[32, 8, 1024, 2, 6, 3, 64, 3, 1, 1, 16]--1.6857125656451388
[32, 8, 1024, 2, 8, 4, 32, 3, 1, 1, 8]--1.7017179609591238
[32, 8, 1024, 2, 8, 4, 32, 4, 1, 1, 8]--1.709295342459617
[32, 8, 1024, 4, 10, 2, 128, 2, 1, 1, 2]--2.0991939336960375
[32, 8, 128, 2, 4, 5, 160, 1, 1, 1, 24]--2.1119341241164586
[32, 8, 128, 2, 4, 5, 64, 4, 1, 1, 24]--2.111081867701883
[32, 8, 128, 2, 6, 3, 32, 3, 1, 1, 16]--2.1320753396373004
[32, 8, 128, 2, 6, 4, 64, 4, 1, 1, 16]--2.1319489842055974
[32, 8, 128, 4, 2, 3, 64, 3, 1, 1, 16]--1.7608760477055128
[32, 8, 128, 8, 4, 4, 160, 2, 2, 1, 16]--1.6501374016734587
[32, 8, 2048, 2, 10, 2, 64, 1, 1, 1, 2]--2.1036497966263656
[32, 8, 2048, 2, 4, 4, 128, 2, 1, 2, 4]--1.8942351192852271
[32, 8, 256, 16, 6, 2, 64, 2, 1, 2, 4]--1.758942960232197
[32, 8, 256, 4, 4, 2, 64, 2, 1, 1, 16]--1.7262981809019198
[32, 8, 256, 8, 8, 4, 96, 4, 1, 1, 16]--1.6823037628425077
[32, 8, 512, 2, 2, 3, 96, 1, 1, 1, 24]--1.710675348930981
[32, 8, 512, 2, 6, 3, 96, 3, 1, 1, 16]--1.6892952182573846
[32, 8, 512, 2, 6, 4, 96, 4, 1, 1, 16]--1.6864171742895264
[32, 8, 512, 2, 8, 3, 128, 3, 1, 1, 8]--1.7135175092155608
[32, 8, 512, 4, 2, 3, 128, 3, 1, 1, 16]--1.6953370747980294
[32, 8, 512, 4, 6, 3, 160, 3, 1, 1, 4]--1.7930623165092339
[32, 8, 512, 4, 6, 3, 32, 3, 1, 1, 16]--1.685489278250365
[32, 8, 512, 4, 6, 4, 64, 4, 1, 1, 16]--1.6825384603538815
[64, 16, 128, 2, 2, 5, 160, 1, 1, 1, 24]--2.146358875725978
[64, 16, 128, 2, 2, 5, 32, 1, 1, 1, 24]--2.1517558803478867
[64, 2, 1024, 2, 2, 4, 32, 4, 2, 1, 8]--1.89824559438523
[64, 2, 1024, 4, 4, 4, 64, 4, 1, 1, 16]--1.8401840100012739
[64, 2, 128, 2, 10, 2, 32, 1, 1, 2, 2]--2.737010662695416
[64, 2, 128, 2, 10, 5, 32, 5, 2, 1, 24]--2.143557529829945
[64, 2, 128, 2, 4, 2, 64, 1, 1, 1, 24]--2.2291725866936924
[64, 2, 128, 4, 2, 4, 64, 4, 1, 2, 8]--1.9869740222466452
[64, 2, 2048, 2, 8, 5, 160, 3, 1, 2, 8]--1.8878267991012367
[64, 2, 256, 16, 2, 2, 128, 1, 1, 2, 8]--1.943367039095978
[64, 2, 256, 2, 10, 4, 64, 4, 1, 1, 24]--1.9073375884280837
[64, 2, 256, 2, 10, 5, 32, 5, 1, 1, 24]--1.8946759858728077
[64, 2, 256, 4, 4, 4, 32, 4, 1, 1, 4]--2.193344524261868
[64, 2, 256, 4, 4, 5, 64, 1, 2, 2, 16]--1.8075208324876222
[64, 2, 256, 8, 10, 5, 96, 2, 1, 1, 16]--1.847108450434079
[64, 2, 256, 8, 2, 4, 128, 4, 1, 2, 8]--1.9291063321017918
[64, 2, 256, 8, 2, 5, 96, 3, 2, 1, 16]--1.859073923957769
[64, 2, 512, 2, 4, 2, 32, 2, 1, 1, 8]--1.9099457793121406
[64, 2, 512, 2, 4, 3, 32, 3, 1, 2, 4]--2.0140724015470823
[64, 2, 512, 4, 8, 5, 64, 1, 2, 2, 8]--1.853802225740922
[64, 2, 512, 4, 8, 5, 96, 5, 1, 2, 24]--1.820281168066721
[64, 2, 512, 8, 10, 1, 64, 1, 1, 1, 4]--2.012183666355414
[64, 4, 1024, 2, 10, 2, 64, 1, 1, 1, 24]--1.7181955510381797
[64, 4, 1024, 4, 8, 5, 128, 1, 1, 1, 24]--1.6806088493989482
[64, 4, 128, 16, 10, 4, 160, 4, 1, 1, 16]--1.6822088053765685
[64, 4, 128, 2, 8, 5, 128, 5, 1, 1, 8]--2.205824005824006
[64, 4, 128, 4, 10, 2, 32, 2, 1, 1, 8]--1.7923626482088932
[64, 4, 128, 4, 10, 2, 32, 1, 1, 2, 8]--1.780912964158253
[64, 4, 128, 4, 2, 3, 128, 3, 1, 1, 4]--1.8823595286989947
[64, 4, 128, 8, 2, 3, 32, 3, 1, 1, 4]--1.81024878588958
[64, 4, 256, 4, 2, 3, 64, 1, 2, 2, 8]--1.6789275839137587
[64, 4, 256, 4, 6, 2, 160, 2, 1, 1, 24]--1.7247623967376011
[64, 4, 256, 8, 10, 2, 160, 2, 2, 2, 2]--2.054420910900855
[64, 8, 1024, 2, 2, 3, 128, 1, 1, 1, 16]--1.6225465835900896
[64, 8, 1024, 2, 2, 3, 128, 1, 1, 1, 4]--1.6567540061511412
[64, 8, 1024, 2, 2, 3, 128, 1, 1, 1, 8]--1.6302693015799679
[64, 8, 1024, 2, 2, 3, 128, 2, 1, 1, 16]--1.620019571033191
[64, 8, 1024, 2, 2, 3, 128, 2, 1, 1, 4]--1.6541268234776998
[64, 8, 1024, 2, 2, 3, 128, 2, 1, 1, 8]--1.6275311578266585
[64, 8, 1024, 2, 2, 3, 128, 1, 1, 2, 16]--1.6224569930329342
[64, 8, 1024, 2, 2, 3, 128, 1, 1, 2, 4]--1.654108088510119
[64, 8, 1024, 2, 2, 3, 128, 1, 1, 2, 8]--1.627343982954633
[64, 8, 1024, 2, 2, 3, 128, 2, 1, 2, 16]--1.6218762819337125
[64, 8, 1024, 2, 2, 3, 128, 2, 1, 2, 4]--1.649228856731282
[64, 8, 1024, 2, 2, 3, 128, 2, 1, 2, 8]--1.6253539976005857
[64, 8, 1024, 2, 2, 3, 160, 1, 1, 1, 16]--1.6225465835900896
[64, 8, 1024, 2, 2, 3, 160, 1, 1, 1, 4]--1.6567540061511412
[64, 8, 1024, 2, 2, 3, 160, 1, 1, 1, 8]--1.6302693015799679
[64, 8, 1024, 2, 2, 3, 160, 2, 1, 1, 16]--1.620019571033191
[64, 8, 1024, 2, 2, 3, 160, 2, 1, 1, 4]--1.6541268234776998
[64, 8, 1024, 2, 2, 3, 160, 2, 1, 1, 8]--1.6275311578266585
[64, 8, 1024, 2, 2, 3, 160, 1, 1, 2, 16]--1.6224569930329342
[64, 8, 1024, 2, 2, 3, 160, 1, 1, 2, 4]--1.654108088510119
[64, 8, 1024, 2, 2, 3, 160, 1, 1, 2, 8]--1.627343982954633
[64, 8, 1024, 2, 2, 3, 160, 2, 1, 2, 16]--1.6218762819337125
[64, 8, 1024, 2, 2, 3, 160, 2, 1, 2, 4]--1.649228856731282
[64, 8, 1024, 2, 2, 3, 160, 2, 1, 2, 8]--1.6253539976005857
[64, 8, 1024, 2, 2, 3, 64, 1, 1, 1, 16]--1.6225465835900896
[64, 8, 1024, 2, 2, 3, 64, 1, 1, 1, 4]--1.6567540061511412
[64, 8, 1024, 2, 2, 3, 64, 1, 1, 1, 8]--1.6302693015799679
[64, 8, 1024, 2, 2, 3, 64, 2, 1, 1, 16]--1.620019571033191
[64, 8, 1024, 2, 2, 3, 64, 2, 1, 1, 4]--1.6541268234776998
[64, 8, 1024, 2, 2, 3, 64, 2, 1, 1, 8]--1.6275311578266585
[64, 8, 1024, 2, 2, 3, 64, 1, 1, 2, 16]--1.6224569930329342
[64, 8, 1024, 2, 2, 3, 64, 1, 1, 2, 4]--1.654108088510119
[64, 8, 1024, 2, 2, 3, 64, 1, 1, 2, 8]--1.627343982954633
[64, 8, 1024, 2, 2, 3, 64, 2, 1, 2, 16]--1.6218762819337125
[64, 8, 1024, 2, 2, 3, 64, 2, 1, 2, 4]--1.649228856731282
[64, 8, 1024, 2, 2, 3, 64, 2, 1, 2, 8]--1.6253539976005857
[64, 8, 1024, 2, 2, 3, 96, 1, 1, 1, 16]--1.6225465835900896
[64, 8, 1024, 2, 2, 3, 96, 1, 1, 1, 4]--1.6567540061511412
[64, 8, 1024, 2, 2, 3, 96, 1, 1, 1, 8]--1.6302693015799679
[64, 8, 1024, 2, 2, 3, 96, 2, 1, 1, 16]--1.620019571033191
[64, 8, 1024, 2, 2, 3, 96, 2, 1, 1, 4]--1.6541268234776998
[64, 8, 1024, 2, 2, 3, 96, 2, 1, 1, 8]--1.6275311578266585
[64, 8, 1024, 2, 2, 3, 96, 1, 1, 2, 16]--1.6224569930329342
[64, 8, 1024, 2, 2, 3, 96, 1, 1, 2, 4]--1.654108088510119
[64, 8, 1024, 2, 2, 3, 96, 1, 1, 2, 8]--1.627343982954633
[64, 8, 1024, 2, 2, 3, 96, 2, 1, 2, 16]--1.6218762819337125
[64, 8, 1024, 2, 2, 3, 96, 2, 1, 2, 4]--1.649228856731282
[64, 8, 1024, 2, 2, 3, 96, 2, 1, 2, 8]--1.6253539976005857
[64, 8, 1024, 2, 2, 4, 128, 1, 1, 1, 16]--1.6130843973587066
[64, 8, 1024, 2, 2, 4, 128, 1, 1, 1, 4]--1.760270415184465
[64, 8, 1024, 2, 2, 4, 128, 1, 1, 1, 8]--1.6237423054362083
[64, 8, 1024, 2, 2, 4, 128, 2, 1, 1, 16]--1.6097342469396754
[64, 8, 1024, 2, 2, 4, 128, 2, 1, 1, 4]--1.743533104040069
[64, 8, 1024, 2, 2, 4, 128, 2, 1, 1, 8]--1.6220559308389626
[64, 8, 1024, 2, 2, 4, 128, 1, 1, 2, 16]--1.6142776946369748
[64, 8, 1024, 2, 2, 4, 128, 1, 1, 2, 4]--1.7295228810627357
[64, 8, 1024, 2, 2, 4, 128, 1, 1, 2, 8]--1.6223691929041535
[64, 8, 1024, 2, 2, 4, 128, 2, 1, 2, 16]--1.611692975394631
[64, 8, 1024, 2, 2, 4, 128, 2, 1, 2, 4]--1.7133576768088477
[64, 8, 1024, 2, 2, 4, 128, 2, 1, 2, 8]--1.6188445014355888
[64, 8, 1024, 2, 2, 4, 160, 1, 1, 1, 16]--1.6130843973587066
[64, 8, 1024, 2, 2, 4, 160, 1, 1, 1, 4]--1.760270415184465
[64, 8, 1024, 2, 2, 4, 160, 1, 1, 1, 8]--1.6237423054362083
[64, 8, 1024, 2, 2, 4, 160, 2, 1, 1, 16]--1.6097342469396754
[64, 8, 1024, 2, 2, 4, 160, 2, 1, 1, 4]--1.743533104040069
[64, 8, 1024, 2, 2, 4, 160, 2, 1, 1, 8]--1.6220559308389626
[64, 8, 1024, 2, 2, 4, 160, 1, 1, 2, 16]--1.6142776946369748
[64, 8, 1024, 2, 2, 4, 160, 1, 1, 2, 4]--1.7295228810627357
[64, 8, 1024, 2, 2, 4, 160, 1, 1, 2, 8]--1.6223691929041535
[64, 8, 1024, 2, 2, 4, 160, 2, 1, 2, 16]--1.611692975394631
[64, 8, 1024, 2, 2, 4, 160, 2, 1, 2, 4]--1.7133576768088477
[64, 8, 1024, 2, 2, 4, 160, 2, 1, 2, 8]--1.6188445014355888
[64, 8, 1024, 2, 2, 4, 64, 1, 1, 1, 16]--1.6130934299069215
[64, 8, 1024, 2, 2, 4, 64, 1, 1, 1, 4]--1.760270415184465
[64, 8, 1024, 2, 2, 4, 64, 1, 1, 1, 8]--1.6237468518173712
[64, 8, 1024, 2, 2, 4, 64, 2, 1, 1, 16]--1.6088000907081534
[64, 8, 1024, 2, 2, 4, 64, 2, 1, 1, 4]--1.743533104040069
[64, 8, 1024, 2, 2, 4, 64, 2, 1, 1, 8]--1.6220650145392994
[64, 8, 1024, 2, 2, 4, 64, 1, 1, 2, 16]--1.6142801745438662
[64, 8, 1024, 2, 2, 4, 64, 1, 1, 2, 4]--1.7295228810627357
[64, 8, 1024, 2, 2, 4, 64, 1, 1, 2, 8]--1.6223737356060342
[64, 8, 1024, 2, 2, 4, 64, 2, 1, 2, 16]--1.6117024627700458
[64, 8, 1024, 2, 2, 4, 64, 2, 1, 2, 4]--1.7133576768088477
[64, 8, 1024, 2, 2, 4, 64, 2, 1, 2, 8]--1.6188445014355888
[64, 8, 1024, 2, 2, 4, 96, 1, 1, 1, 16]--1.6130843973587066
[64, 8, 1024, 2, 2, 4, 96, 1, 1, 1, 4]--1.760270415184465
[64, 8, 1024, 2, 2, 4, 96, 1, 1, 1, 8]--1.6237423054362083
[64, 8, 1024, 2, 2, 4, 96, 2, 1, 1, 16]--1.6097342469396754
[64, 8, 1024, 2, 2, 4, 96, 2, 1, 1, 4]--1.743533104040069
[64, 8, 1024, 2, 2, 4, 96, 2, 1, 1, 8]--1.6220559308389626
[64, 8, 1024, 2, 2, 4, 96, 1, 1, 2, 16]--1.6142776946369748
[64, 8, 1024, 2, 2, 4, 96, 1, 1, 2, 4]--1.7295228810627357
[64, 8, 1024, 2, 2, 4, 96, 1, 1, 2, 8]--1.6223691929041535
[64, 8, 1024, 2, 2, 4, 96, 2, 1, 2, 16]--1.611692975394631
[64, 8, 1024, 2, 2, 4, 96, 2, 1, 2, 4]--1.7133576768088477
[64, 8, 1024, 2, 2, 4, 96, 2, 1, 2, 8]--1.6188445014355888
[64, 8, 1024, 2, 2, 5, 128, 2, 1, 2, 8]--1.6184236868373636
[64, 8, 1024, 2, 4, 3, 128, 1, 1, 1, 16]--1.6195604847911274
[64, 8, 1024, 2, 4, 3, 128, 1, 1, 1, 4]--1.6563311581491007
[64, 8, 1024, 2, 4, 3, 128, 1, 1, 1, 8]--1.6274028870343848
[64, 8, 1024, 2, 4, 3, 128, 2, 1, 1, 16]--1.6183276101256678
[64, 8, 1024, 2, 4, 3, 128, 2, 1, 1, 4]--1.653698687664042
[64, 8, 1024, 2, 4, 3, 128, 2, 1, 1, 8]--1.6269792053082108
[64, 8, 1024, 2, 4, 3, 128, 1, 1, 2, 16]--1.6205944569431008
[64, 8, 1024, 2, 4, 3, 128, 1, 1, 2, 4]--1.6515995011051556
[64, 8, 1024, 2, 4, 3, 128, 1, 1, 2, 8]--1.6244761892761086
[64, 8, 1024, 2, 4, 3, 128, 2, 1, 2, 16]--1.6183414183414184
[64, 8, 1024, 2, 4, 3, 128, 2, 1, 2, 4]--1.6482108083665936
[64, 8, 1024, 2, 4, 3, 128, 2, 1, 2, 8]--1.6224194490064223
[64, 8, 1024, 2, 4, 3, 160, 1, 1, 1, 16]--1.6195604847911274
[64, 8, 1024, 2, 4, 3, 160, 1, 1, 1, 4]--1.6563311581491007
[64, 8, 1024, 2, 4, 3, 160, 1, 1, 1, 8]--1.6274028870343848
[64, 8, 1024, 2, 4, 3, 160, 2, 1, 1, 16]--1.6183276101256678
[64, 8, 1024, 2, 4, 3, 160, 2, 1, 1, 4]--1.653698687664042
[64, 8, 1024, 2, 4, 3, 160, 2, 1, 1, 8]--1.6269792053082108
[64, 8, 1024, 2, 4, 3, 160, 1, 1, 2, 16]--1.6205944569431008
[64, 8, 1024, 2, 4, 3, 160, 1, 1, 2, 4]--1.6515995011051556
[64, 8, 1024, 2, 4, 3, 160, 1, 1, 2, 8]--1.6244761892761086
[64, 8, 1024, 2, 4, 3, 160, 2, 1, 2, 16]--1.6183414183414184
[64, 8, 1024, 2, 4, 3, 160, 2, 1, 2, 4]--1.6482108083665936
[64, 8, 1024, 2, 4, 3, 160, 2, 1, 2, 8]--1.6224194490064223
[64, 8, 1024, 2, 4, 4, 128, 1, 1, 1, 16]--1.609366490687969
[64, 8, 1024, 2, 4, 4, 128, 1, 1, 1, 4]--1.7600453037916026
[64, 8, 1024, 2, 4, 4, 128, 1, 1, 1, 8]--1.6229909579985804
[64, 8, 1024, 2, 4, 4, 128, 2, 1, 1, 16]--1.6080631410664714
[64, 8, 1024, 2, 4, 4, 128, 2, 1, 1, 4]--1.744180870052147
[64, 8, 1024, 2, 4, 4, 128, 2, 1, 1, 8]--1.620495784002027
[64, 8, 1024, 2, 4, 4, 128, 1, 1, 2, 16]--1.6120103985407326
[64, 8, 1024, 2, 4, 4, 128, 1, 1, 2, 4]--1.727630541326823
[64, 8, 1024, 2, 4, 4, 128, 1, 1, 2, 8]--1.61958480153547
[64, 8, 1024, 2, 4, 4, 128, 2, 1, 2, 16]--1.6084161693704742
[64, 8, 1024, 2, 4, 4, 128, 2, 1, 2, 4]--1.7132969478488729
[64, 8, 1024, 2, 4, 4, 128, 2, 1, 2, 8]--1.6161600042554323
[64, 8, 1024, 2, 4, 4, 160, 1, 1, 1, 16]--1.609366490687969
[64, 8, 1024, 2, 4, 4, 160, 1, 1, 1, 4]--1.7600453037916026
[64, 8, 1024, 2, 4, 4, 160, 1, 1, 1, 8]--1.6229909579985804
[64, 8, 1024, 2, 4, 4, 160, 2, 1, 1, 16]--1.6080631410664714
[64, 8, 1024, 2, 4, 4, 160, 2, 1, 1, 4]--1.744180870052147
[64, 8, 1024, 2, 4, 4, 160, 2, 1, 1, 8]--1.620495784002027
[64, 8, 1024, 2, 4, 4, 160, 1, 1, 2, 16]--1.6120103985407326
[64, 8, 1024, 2, 4, 4, 160, 1, 1, 2, 4]--1.727630541326823
[64, 8, 1024, 2, 4, 4, 160, 1, 1, 2, 8]--1.61958480153547
[64, 8, 1024, 2, 4, 4, 160, 2, 1, 2, 16]--1.6084161693704742
[64, 8, 1024, 2, 4, 4, 160, 2, 1, 2, 4]--1.7132969478488729
[64, 8, 1024, 2, 4, 4, 160, 2, 1, 2, 8]--1.6161600042554323
[64, 8, 1024, 2, 4, 5, 128, 2, 1, 2, 8]--1.6179253537235643
[64, 8, 1024, 2, 8, 5, 128, 2, 1, 2, 8]--1.6175993347118836
[64, 8, 1024, 2, 8, 5, 160, 2, 1, 2, 8]--1.6175993347118836
[64, 8, 1024, 2, 8, 5, 96, 2, 1, 2, 8]--1.6175993347118836
[64, 8, 1024, 4, 2, 3, 128, 2, 1, 2, 16]--1.6208805901401568
[64, 8, 1024, 4, 2, 3, 128, 2, 1, 2, 8]--1.6248069829137006
[64, 8, 1024, 4, 2, 3, 160, 2, 1, 2, 8]--1.6248069829137006
[64, 8, 1024, 4, 2, 4, 128, 2, 1, 2, 8]--1.6184386082072262
[64, 8, 1024, 4, 2, 4, 160, 1, 2, 2, 16]--1.5423754915865031
[64, 8, 1024, 4, 2, 4, 160, 1, 2, 2, 24]--1.5421540339662634
[64, 8, 1024, 4, 2, 4, 160, 2, 1, 2, 16]--1.6108747720015846
[64, 8, 1024, 4, 2, 4, 160, 2, 1, 2, 24]--1.6100471871767343
[64, 8, 1024, 4, 2, 4, 160, 2, 1, 2, 8]--1.6184386082072262
[64, 8, 1024, 4, 2, 5, 128, 2, 1, 2, 8]--1.6192484259955395
[64, 8, 1024, 4, 2, 5, 160, 1, 2, 2, 16]--1.5386673311764762
[64, 8, 1024, 4, 2, 5, 160, 2, 1, 2, 16]--1.6072286053078464
[64, 8, 1024, 4, 2, 5, 160, 2, 1, 2, 24]--1.6038294017749763
[64, 8, 1024, 4, 2, 5, 160, 2, 1, 2, 8]--1.6192484259955395
[64, 8, 1024, 4, 4, 3, 128, 2, 1, 2, 8]--1.622733476584099
[64, 8, 128, 16, 2, 2, 128, 1, 1, 1, 16]--1.6411333955811516
[64, 8, 128, 16, 2, 2, 128, 1, 1, 1, 4]--1.6619282987649449
[64, 8, 128, 16, 2, 2, 128, 1, 1, 1, 8]--1.645413502257376
[64, 8, 128, 16, 2, 2, 128, 2, 1, 1, 16]--1.6389754172377538
[64, 8, 128, 16, 2, 2, 128, 2, 1, 1, 4]--1.6573651918411685
[64, 8, 128, 16, 2, 2, 128, 2, 1, 1, 8]--1.6428828435305005
[64, 8, 128, 16, 2, 2, 128, 1, 1, 2, 16]--1.6388631829477442
[64, 8, 128, 16, 2, 2, 128, 1, 1, 2, 4]--1.657201257201257
[64, 8, 128, 16, 2, 2, 128, 1, 1, 2, 8]--1.6430338628264993
[64, 8, 128, 16, 2, 2, 128, 2, 1, 2, 16]--1.6390117359159908
[64, 8, 128, 16, 2, 2, 128, 2, 1, 2, 4]--1.654986088882728
[64, 8, 128, 16, 2, 2, 128, 2, 1, 2, 8]--1.640532674839051
[64, 8, 128, 16, 2, 2, 160, 1, 1, 1, 16]--1.6411333955811516
[64, 8, 128, 16, 2, 2, 160, 1, 1, 1, 4]--1.6619282987649449
[64, 8, 128, 16, 2, 2, 160, 1, 1, 1, 8]--1.645413502257376
[64, 8, 128, 16, 2, 2, 160, 2, 1, 1, 16]--1.6389754172377538
[64, 8, 128, 16, 2, 2, 160, 2, 1, 1, 4]--1.6573651918411685
[64, 8, 128, 16, 2, 2, 160, 2, 1, 1, 8]--1.6428828435305005
[64, 8, 128, 16, 2, 2, 160, 1, 1, 2, 16]--1.6388631829477442
[64, 8, 128, 16, 2, 2, 160, 1, 1, 2, 4]--1.657201257201257
[64, 8, 128, 16, 2, 2, 160, 1, 1, 2, 8]--1.6430338628264993
[64, 8, 128, 16, 2, 2, 160, 2, 1, 2, 16]--1.6390117359159908
[64, 8, 128, 16, 2, 2, 160, 2, 1, 2, 4]--1.654986088882728
[64, 8, 128, 16, 2, 2, 160, 2, 1, 2, 8]--1.640532674839051
[64, 8, 128, 16, 2, 2, 32, 1, 1, 1, 2]--1.9493096080423131
[64, 8, 128, 16, 2, 3, 128, 1, 1, 1, 16]--1.6263706880983746
[64, 8, 128, 16, 2, 3, 128, 1, 1, 1, 4]--1.664331542791705
[64, 8, 128, 16, 2, 3, 128, 1, 1, 1, 8]--1.634939389654733
[64, 8, 128, 16, 2, 3, 128, 2, 1, 1, 16]--1.6250701697653356
[64, 8, 128, 16, 2, 3, 128, 2, 1, 1, 4]--1.6608499540122719
[64, 8, 128, 16, 2, 3, 128, 2, 1, 1, 8]--1.633339633604245
[64, 8, 128, 16, 2, 3, 128, 1, 1, 2, 16]--1.6279460454567727
[64, 8, 128, 16, 2, 3, 128, 1, 1, 2, 4]--1.658831532960334
[64, 8, 128, 16, 2, 3, 128, 1, 1, 2, 8]--1.6332529256856934
[64, 8, 128, 16, 2, 3, 128, 2, 1, 2, 16]--1.626662112582012
[64, 8, 128, 16, 2, 3, 128, 2, 1, 2, 4]--1.6571856979054227
[64, 8, 128, 16, 2, 3, 128, 2, 1, 2, 8]--1.6294575293061857
[64, 8, 128, 16, 2, 3, 160, 1, 1, 1, 16]--1.6263706880983746
[64, 8, 128, 16, 2, 3, 160, 1, 1, 1, 4]--1.664331542791705
[64, 8, 128, 16, 2, 3, 160, 1, 1, 1, 8]--1.634939389654733
[64, 8, 128, 16, 2, 3, 160, 2, 1, 1, 16]--1.6250701697653356
[64, 8, 128, 16, 2, 3, 160, 2, 1, 1, 4]--1.6608499540122719
[64, 8, 128, 16, 2, 3, 160, 2, 1, 1, 8]--1.633339633604245
[64, 8, 128, 16, 2, 3, 160, 1, 1, 2, 16]--1.6279460454567727
[64, 8, 128, 16, 2, 3, 160, 1, 1, 2, 4]--1.658831532960334
[64, 8, 128, 16, 2, 3, 160, 1, 1, 2, 8]--1.6332529256856934
[64, 8, 128, 16, 2, 3, 160, 2, 1, 2, 16]--1.626662112582012
[64, 8, 128, 16, 2, 3, 160, 2, 1, 2, 4]--1.6571856979054227
[64, 8, 128, 16, 2, 3, 160, 2, 1, 2, 8]--1.6294575293061857
[64, 8, 128, 16, 2, 4, 128, 1, 1, 1, 16]--1.6172419151834527
[64, 8, 128, 16, 2, 4, 128, 1, 1, 1, 4]--1.7662031106276277
[64, 8, 128, 16, 2, 4, 128, 1, 1, 1, 8]--1.6302281861156567
[64, 8, 128, 16, 2, 4, 128, 2, 1, 1, 16]--1.616020014868348
[64, 8, 128, 16, 2, 4, 128, 2, 1, 1, 4]--1.7506947351326683
[64, 8, 128, 16, 2, 4, 128, 2, 1, 1, 8]--1.6291274369115536
[64, 8, 128, 16, 2, 4, 128, 1, 1, 2, 16]--1.6181581957447284
[64, 8, 128, 16, 2, 4, 128, 1, 1, 2, 4]--1.7343260418607191
[64, 8, 128, 16, 2, 4, 128, 1, 1, 2, 8]--1.6266189719501865
[64, 8, 128, 16, 2, 4, 128, 2, 1, 2, 16]--1.6151539291879533
[64, 8, 128, 16, 2, 4, 128, 2, 1, 2, 4]--1.7214906720938798
[64, 8, 128, 16, 2, 4, 128, 2, 1, 2, 8]--1.6242420593864233
[64, 8, 128, 16, 2, 4, 160, 1, 1, 1, 16]--1.6172419151834527
[64, 8, 128, 16, 2, 4, 160, 1, 1, 1, 4]--1.7662031106276277
[64, 8, 128, 16, 2, 4, 160, 1, 1, 1, 8]--1.6302281861156567
[64, 8, 128, 16, 2, 4, 160, 2, 1, 1, 16]--1.616020014868348
[64, 8, 128, 16, 2, 4, 160, 2, 1, 1, 4]--1.7506947351326683
[64, 8, 128, 16, 2, 4, 160, 2, 1, 1, 8]--1.6291274369115536
[64, 8, 128, 16, 2, 4, 160, 1, 1, 2, 16]--1.6181581957447284
[64, 8, 128, 16, 2, 4, 160, 1, 1, 2, 4]--1.7343260418607191
[64, 8, 128, 16, 2, 4, 160, 1, 1, 2, 8]--1.6266189719501865
[64, 8, 128, 16, 2, 4, 160, 2, 1, 2, 16]--1.6151539291879533
[64, 8, 128, 16, 2, 4, 160, 2, 1, 2, 4]--1.7214906720938798
[64, 8, 128, 16, 2, 4, 160, 2, 1, 2, 8]--1.6242420593864233
[64, 8, 128, 16, 2, 4, 96, 2, 1, 2, 4]--1.7214906720938798
[64, 8, 128, 16, 2, 4, 96, 2, 1, 2, 8]--1.6242420593864233
[64, 8, 128, 16, 2, 5, 128, 2, 1, 2, 16]--1.6123212703194978
[64, 8, 128, 16, 2, 5, 128, 2, 1, 2, 24]--1.609800932128762
[64, 8, 128, 16, 2, 5, 128, 2, 1, 2, 8]--1.6247338366579545
[64, 8, 128, 16, 2, 5, 160, 2, 1, 2, 16]--1.6123212703194978
[64, 8, 128, 16, 2, 5, 160, 2, 1, 2, 24]--1.609800932128762
[64, 8, 128, 16, 2, 5, 160, 2, 1, 2, 8]--1.6247338366579545
[64, 8, 128, 16, 2, 5, 96, 2, 1, 2, 16]--1.6123212703194978
[64, 8, 128, 16, 2, 5, 96, 2, 1, 2, 8]--1.6247338366579545
[64, 8, 128, 16, 4, 2, 128, 1, 1, 1, 16]--1.6375925933703777
[64, 8, 128, 16, 4, 2, 128, 1, 1, 1, 4]--1.6579332378508318
[64, 8, 128, 16, 4, 2, 128, 1, 1, 1, 8]--1.6443004604656177
[64, 8, 128, 16, 4, 2, 128, 2, 1, 1, 16]--1.6371695786256935
[64, 8, 128, 16, 4, 2, 128, 2, 1, 1, 4]--1.6576477950265778
[64, 8, 128, 16, 4, 2, 128, 2, 1, 1, 8]--1.6431912459977123
[64, 8, 128, 16, 4, 2, 128, 1, 1, 2, 16]--1.637324471085938
[64, 8, 128, 16, 4, 2, 128, 1, 1, 2, 4]--1.6536872536872538
[64, 8, 128, 16, 4, 2, 128, 1, 1, 2, 8]--1.6403658729525354
[64, 8, 128, 16, 4, 2, 128, 2, 1, 2, 16]--1.6347508942884543
[64, 8, 128, 16, 4, 2, 128, 2, 1, 2, 4]--1.6545484836987643
[64, 8, 128, 16, 4, 2, 128, 2, 1, 2, 8]--1.637710680940961
[64, 8, 128, 16, 4, 2, 160, 1, 1, 1, 16]--1.6375925933703777
[64, 8, 128, 16, 4, 4, 96, 2, 1, 2, 4]--1.7213897039770858
[64, 8, 128, 16, 4, 2, 160, 1, 1, 1, 4]--1.6579332378508318
[64, 8, 128, 16, 4, 2, 160, 1, 1, 1, 8]--1.6443004604656177
[64, 8, 128, 16, 4, 2, 160, 2, 1, 1, 16]--1.6371695786256935
[64, 8, 128, 16, 4, 2, 160, 2, 1, 1, 4]--1.6576477950265778
[64, 8, 128, 16, 4, 2, 160, 2, 1, 1, 8]--1.6431912459977123
[64, 8, 128, 16, 4, 2, 160, 1, 1, 2, 16]--1.637324471085938
[64, 8, 128, 16, 4, 2, 160, 1, 1, 2, 4]--1.6536872536872538
[64, 8, 128, 16, 4, 2, 160, 1, 1, 2, 8]--1.6403658729525354
[64, 8, 128, 16, 4, 2, 160, 2, 1, 2, 16]--1.6347508942884543
[64, 8, 128, 16, 4, 2, 160, 2, 1, 2, 4]--1.6545484836987643
[64, 8, 128, 16, 4, 2, 160, 2, 1, 2, 8]--1.637710680940961
[64, 8, 128, 16, 4, 3, 128, 1, 1, 1, 16]--1.6247366571804926
[64, 8, 128, 16, 4, 3, 128, 1, 1, 1, 4]--1.6599423469737762
[64, 8, 128, 16, 4, 3, 128, 1, 1, 1, 8]--1.6322454916707383
[64, 8, 128, 16, 4, 3, 128, 2, 1, 1, 16]--1.621853304231808
[64, 8, 128, 16, 4, 3, 128, 2, 1, 1, 4]--1.6602858018875188
[64, 8, 128, 16, 4, 3, 128, 2, 1, 1, 8]--1.6315320901988726
[64, 8, 128, 16, 4, 3, 128, 1, 1, 2, 16]--1.624333765006475
[64, 8, 128, 16, 4, 3, 128, 1, 1, 2, 4]--1.6563457696502346
[64, 8, 128, 16, 4, 3, 128, 1, 1, 2, 8]--1.6293486402296034
[64, 8, 128, 16, 4, 3, 128, 2, 1, 2, 16]--1.6247800198524645
[64, 8, 128, 16, 4, 3, 128, 2, 1, 2, 4]--1.6516851101358587
[64, 8, 128, 16, 4, 3, 128, 2, 1, 2, 8]--1.6280468600176656
[64, 8, 128, 16, 4, 3, 160, 1, 1, 1, 16]--1.6247366571804926
[64, 8, 128, 16, 4, 3, 160, 1, 1, 1, 4]--1.6599423469737762
[64, 8, 128, 16, 4, 3, 160, 1, 1, 1, 8]--1.6322454916707383
[64, 8, 128, 16, 4, 3, 160, 2, 1, 1, 16]--1.621853304231808
[64, 8, 128, 16, 4, 3, 160, 2, 1, 1, 4]--1.6602858018875188
[64, 8, 128, 16, 4, 3, 160, 2, 1, 1, 8]--1.6315320901988726
[64, 8, 128, 16, 4, 3, 160, 1, 1, 2, 16]--1.624333765006475
[64, 8, 128, 16, 4, 3, 160, 1, 1, 2, 4]--1.6563457696502346
[64, 8, 128, 16, 4, 3, 160, 1, 1, 2, 8]--1.6293486402296034
[64, 8, 128, 16, 4, 3, 160, 2, 1, 2, 16]--1.6247800198524645
[64, 8, 128, 16, 4, 3, 160, 2, 1, 2, 4]--1.6516851101358587
[64, 8, 128, 16, 4, 3, 160, 2, 1, 2, 8]--1.6280468600176656
[64, 8, 128, 16, 4, 4, 128, 1, 1, 1, 16]--1.6148188279498992
[64, 8, 128, 16, 4, 4, 128, 1, 1, 1, 4]--1.7643086848232248
[64, 8, 128, 16, 4, 4, 128, 1, 1, 1, 8]--1.62835561192279
[64, 8, 128, 16, 4, 4, 128, 2, 1, 1, 16]--1.6125734125734126
[64, 8, 128, 16, 4, 4, 128, 2, 1, 1, 4]--1.7470215306483832
[64, 8, 128, 16, 4, 4, 128, 2, 1, 1, 8]--1.6272507717831868
[64, 8, 128, 16, 4, 4, 128, 1, 1, 2, 16]--1.6158245081089404
[64, 8, 128, 16, 4, 4, 128, 1, 1, 2, 4]--1.7355428849943486
[64, 8, 128, 16, 4, 4, 128, 1, 1, 2, 8]--1.6254716307538952
[64, 8, 128, 16, 4, 4, 128, 2, 1, 2, 16]--1.6142205386003448
[64, 8, 128, 16, 4, 4, 128, 2, 1, 2, 4]--1.7213897039770858
[64, 8, 128, 16, 4, 4, 128, 2, 1, 2, 8]--1.6215103410524312
[64, 8, 128, 16, 4, 4, 160, 1, 1, 1, 16]--1.6148188279498992
[64, 8, 128, 16, 4, 4, 160, 1, 1, 1, 4]--1.7643086848232248
[64, 8, 128, 16, 4, 4, 160, 1, 1, 1, 8]--1.62835561192279
[64, 8, 128, 16, 4, 4, 160, 2, 1, 1, 16]--1.6125734125734126
[64, 8, 128, 16, 4, 4, 160, 2, 1, 1, 4]--1.7470215306483832
[64, 8, 128, 16, 4, 4, 160, 2, 1, 1, 8]--1.6272507717831868
[64, 8, 128, 16, 4, 4, 160, 1, 1, 2, 16]--1.6158245081089404
[64, 8, 128, 16, 4, 4, 160, 1, 1, 2, 4]--1.7355428849943486
[64, 8, 128, 16, 4, 4, 160, 1, 1, 2, 8]--1.6254716307538952
[64, 8, 128, 16, 4, 4, 160, 2, 1, 2, 16]--1.6142205386003448
[64, 8, 128, 16, 4, 4, 160, 2, 1, 2, 4]--1.7213897039770858
[64, 8, 128, 16, 4, 4, 160, 2, 1, 2, 8]--1.6215103410524312
[64, 8, 128, 16, 4, 4, 96, 2, 1, 2, 8]--1.6215103410524312
[64, 8, 128, 16, 4, 5, 96, 2, 1, 2, 8]--1.6249721745826187
[64, 8, 128, 2, 2, 3, 160, 3, 1, 1, 4]--2.3957156437384586
[64, 8, 128, 2, 8, 5, 96, 3, 2, 2, 8]--2.110896300703461
[64, 8, 128, 4, 4, 5, 32, 5, 1, 2, 8]--1.700461552029947
[64, 8, 128, 4, 8, 3, 64, 2, 1, 2, 8]--1.7030562550831432
[64, 8, 128, 8, 10, 5, 32, 4, 1, 1, 16]--1.6149780007027457
[64, 8, 128, 8, 10, 5, 64, 1, 2, 1, 8]--1.5800283058091305
[64, 8, 2048, 2, 2, 4, 128, 2, 1, 1, 8]--1.6220559308389626
[64, 8, 2048, 2, 2, 4, 128, 2, 1, 2, 16]--1.611692975394631
[64, 8, 2048, 2, 2, 4, 128, 2, 1, 2, 24]--1.6097637804094398
[64, 8, 2048, 2, 2, 4, 128, 2, 1, 2, 8]--1.6188445014355888
[64, 8, 2048, 2, 2, 4, 160, 1, 2, 2, 16]--1.542610251549521
[64, 8, 2048, 2, 2, 4, 160, 1, 2, 2, 24]--1.5424051297487626
[64, 8, 2048, 2, 2, 4, 160, 2, 1, 2, 16]--1.611692975394631
[64, 8, 2048, 2, 2, 4, 160, 2, 1, 2, 24]--1.6097637804094398
[64, 8, 2048, 2, 2, 4, 160, 2, 1, 2, 8]--1.6188445014355888
[64, 8, 2048, 2, 2, 5, 128, 2, 1, 2, 16]--1.6070284095920346
[64, 8, 2048, 2, 2, 5, 128, 2, 1, 2, 24]--1.6058934953988568
[64, 8, 2048, 2, 2, 5, 128, 2, 1, 2, 8]--1.6184236868373636
[64, 8, 2048, 2, 2, 5, 160, 2, 1, 2, 16]--1.6070284095920346
[64, 8, 2048, 2, 2, 5, 160, 2, 1, 2, 24]--1.6058934953988568
[64, 8, 2048, 2, 2, 5, 160, 2, 1, 2, 8]--1.6184236868373636
[64, 8, 2048, 2, 4, 4, 128, 2, 1, 2, 8]--1.6161600042554323
[64, 8, 256, 16, 4, 4, 128, 4, 2, 1, 4]--1.70592147172268
[64, 8, 256, 16, 8, 3, 128, 1, 2, 1, 24]--1.5591781539120562
[64, 8, 256, 8, 2, 2, 128, 1, 1, 1, 16]--1.6396816396816396
[64, 8, 256, 8, 2, 2, 128, 1, 1, 1, 4]--1.658872244549994
[64, 8, 256, 8, 2, 2, 128, 1, 1, 1, 8]--1.6444516310579302
[64, 8, 256, 8, 2, 2, 128, 2, 1, 1, 16]--1.6366718601483572
[64, 8, 256, 8, 2, 2, 128, 2, 1, 1, 4]--1.6591716887498338
[64, 8, 256, 8, 2, 2, 128, 2, 1, 1, 8]--1.6449110506619926
[64, 8, 256, 8, 2, 2, 128, 1, 1, 2, 16]--1.639435144832684
[64, 8, 256, 8, 2, 2, 128, 1, 1, 2, 4]--1.6556307709539444
[64, 8, 256, 8, 2, 2, 128, 1, 1, 2, 8]--1.6408715020292395
[64, 8, 256, 8, 2, 2, 128, 2, 1, 2, 16]--1.6376937991278602
[64, 8, 256, 8, 2, 2, 128, 2, 1, 2, 4]--1.6542727090710272
[64, 8, 256, 8, 2, 2, 128, 2, 1, 2, 8]--1.6408945892636408
[64, 8, 256, 8, 2, 2, 160, 1, 1, 1, 16]--1.6396816396816396
[64, 8, 256, 8, 2, 2, 160, 1, 1, 1, 4]--1.658872244549994
[64, 8, 256, 8, 2, 2, 160, 1, 1, 1, 8]--1.6444516310579302
[64, 8, 256, 8, 2, 2, 160, 2, 1, 1, 16]--1.6366718601483572
[64, 8, 256, 8, 2, 2, 160, 2, 1, 1, 4]--1.6591716887498338
[64, 8, 256, 8, 2, 2, 160, 2, 1, 1, 8]--1.6449110506619926
[64, 8, 256, 8, 2, 2, 160, 1, 1, 2, 16]--1.639435144832684
[64, 8, 256, 8, 2, 2, 160, 1, 1, 2, 4]--1.6556307709539444
[64, 8, 256, 8, 2, 2, 160, 1, 1, 2, 8]--1.6408715020292395
[64, 8, 256, 8, 2, 2, 160, 2, 1, 2, 16]--1.6376937991278602
[64, 8, 256, 8, 2, 2, 160, 2, 1, 2, 4]--1.6542727090710272
[64, 8, 256, 8, 2, 2, 160, 2, 1, 2, 8]--1.6408945892636408
[64, 8, 256, 8, 2, 2, 32, 1, 1, 1, 2]--1.9482719244290072
[64, 8, 256, 8, 2, 3, 128, 1, 1, 1, 16]--1.625813143848244
[64, 8, 256, 8, 2, 3, 128, 1, 1, 1, 4]--1.663896825274616
[64, 8, 256, 8, 2, 3, 128, 1, 1, 1, 8]--1.6356240052298487
[64, 8, 256, 8, 2, 3, 128, 2, 1, 1, 16]--1.6248885280097438
[64, 8, 256, 8, 2, 3, 128, 2, 1, 1, 4]--1.6581103841646705
[64, 8, 256, 8, 2, 3, 128, 2, 1, 1, 8]--1.6324114324114325
[64, 8, 256, 8, 2, 3, 128, 1, 1, 2, 16]--1.6255556753441862
[64, 8, 256, 8, 2, 3, 128, 1, 1, 2, 4]--1.6600200197397434
[64, 8, 256, 8, 2, 3, 128, 1, 1, 2, 8]--1.6306730600959014
[64, 8, 256, 8, 2, 3, 128, 2, 1, 2, 16]--1.6229059546690894
[64, 8, 256, 8, 2, 3, 128, 2, 1, 2, 4]--1.653523378366839
[64, 8, 256, 8, 2, 3, 128, 2, 1, 2, 8]--1.6287662967624161
[64, 8, 256, 8, 2, 3, 160, 1, 1, 1, 16]--1.625813143848244
[64, 8, 256, 8, 2, 3, 160, 1, 1, 1, 4]--1.663896825274616
[64, 8, 256, 8, 2, 3, 160, 1, 1, 1, 8]--1.6356240052298487
[64, 8, 256, 8, 2, 3, 160, 2, 1, 1, 16]--1.6248885280097438
[64, 8, 256, 8, 2, 3, 160, 2, 1, 1, 4]--1.6581103841646705
[64, 8, 256, 8, 2, 3, 160, 2, 1, 1, 8]--1.6324114324114325
[64, 8, 256, 8, 2, 3, 160, 1, 1, 2, 16]--1.6255556753441862
[64, 8, 256, 8, 2, 3, 160, 1, 1, 2, 4]--1.6600200197397434
[64, 8, 256, 8, 2, 3, 160, 1, 1, 2, 8]--1.6306730600959014
[64, 8, 256, 8, 2, 3, 160, 2, 1, 2, 16]--1.6229059546690894
[64, 8, 256, 8, 2, 3, 160, 2, 1, 2, 4]--1.653523378366839
[64, 8, 256, 8, 2, 3, 160, 2, 1, 2, 8]--1.6287662967624161
[64, 8, 256, 8, 2, 4, 128, 1, 1, 1, 16]--1.616343748206203
[64, 8, 256, 8, 2, 4, 128, 1, 1, 1, 4]--1.7646880114466037
[64, 8, 256, 8, 2, 4, 128, 1, 1, 1, 8]--1.6279437356409543
[64, 8, 256, 8, 2, 4, 128, 2, 1, 1, 16]--1.6145671611702894
[64, 8, 256, 8, 2, 4, 128, 2, 1, 1, 4]--1.7508605954382492
[64, 8, 256, 8, 2, 4, 128, 2, 1, 1, 8]--1.6273827438738442
[64, 8, 256, 8, 2, 4, 128, 1, 1, 2, 16]--1.6169134725638739
[64, 8, 256, 8, 2, 4, 128, 1, 1, 2, 4]--1.7367028466336383
[64, 8, 256, 8, 2, 4, 128, 1, 1, 2, 8]--1.6268637911797932
[64, 8, 256, 8, 2, 4, 128, 2, 1, 2, 16]--1.6165918372204047
[64, 8, 256, 8, 2, 4, 128, 2, 1, 2, 4]--1.7188610404980498
[64, 8, 256, 8, 2, 4, 128, 2, 1, 2, 8]--1.6239848126147138
[64, 8, 256, 8, 2, 4, 160, 1, 1, 1, 16]--1.616343748206203
[64, 8, 256, 8, 2, 4, 160, 1, 1, 1, 4]--1.7646880114466037
[64, 8, 256, 8, 2, 4, 160, 1, 1, 1, 8]--1.6279437356409543
[64, 8, 256, 8, 2, 4, 160, 2, 1, 1, 16]--1.6145671611702894
[64, 8, 256, 8, 2, 4, 160, 2, 1, 1, 4]--1.7508605954382492
[64, 8, 256, 8, 2, 4, 160, 2, 1, 1, 8]--1.6273827438738442
[64, 8, 256, 8, 2, 4, 160, 1, 1, 2, 16]--1.6169134725638739
[64, 8, 256, 8, 2, 4, 160, 1, 1, 2, 4]--1.7367028466336383
[64, 8, 256, 8, 2, 4, 160, 1, 1, 2, 8]--1.6268637911797932
[64, 8, 256, 8, 2, 4, 160, 2, 1, 2, 16]--1.6165918372204047
[64, 8, 256, 8, 2, 4, 160, 2, 1, 2, 4]--1.7188610404980498
[64, 8, 256, 8, 2, 4, 160, 2, 1, 2, 8]--1.6239848126147138
[64, 8, 256, 8, 2, 4, 32, 3, 1, 1, 24]--1.6037511847578194
[64, 8, 256, 8, 2, 5, 128, 2, 1, 2, 24]--1.6089530089530089
[64, 8, 256, 8, 2, 5, 128, 2, 1, 2, 8]--1.624364565468482
[64, 8, 256, 8, 2, 5, 160, 2, 1, 2, 8]--1.624364565468482
[64, 8, 256, 8, 4, 2, 128, 1, 1, 1, 16]--1.6366506454905265
[64, 8, 256, 8, 4, 2, 128, 1, 1, 1, 4]--1.657528339687042
[64, 8, 256, 8, 4, 2, 128, 1, 1, 1, 8]--1.6429510321725387
[64, 8, 256, 8, 4, 2, 128, 2, 1, 1, 16]--1.635301858397788
[64, 8, 256, 8, 4, 2, 128, 2, 1, 1, 4]--1.6549672072626989
[64, 8, 256, 8, 4, 2, 128, 2, 1, 1, 8]--1.6400767125588818
[64, 8, 256, 8, 4, 2, 128, 1, 1, 2, 16]--1.635988659036018
[64, 8, 256, 8, 4, 2, 128, 1, 1, 2, 4]--1.655033566443357
[64, 8, 256, 8, 4, 2, 128, 1, 1, 2, 8]--1.6385416506250288
[64, 8, 256, 8, 4, 2, 128, 2, 1, 2, 16]--1.635068780846372
[64, 8, 256, 8, 4, 2, 128, 2, 1, 2, 4]--1.6541840567758772
[64, 8, 256, 8, 4, 2, 128, 2, 1, 2, 8]--1.638971754465292
[64, 8, 256, 8, 4, 2, 160, 1, 1, 1, 16]--1.6366506454905265
[64, 8, 256, 8, 4, 2, 160, 1, 1, 1, 4]--1.657528339687042
[64, 8, 256, 8, 4, 2, 160, 1, 1, 1, 8]--1.6429510321725387
[64, 8, 256, 8, 4, 2, 160, 2, 1, 1, 16]--1.635301858397788
[64, 8, 256, 8, 4, 2, 160, 2, 1, 1, 4]--1.6549672072626989
[64, 8, 256, 8, 4, 2, 160, 2, 1, 1, 8]--1.6400767125588818
[64, 8, 256, 8, 4, 2, 160, 1, 1, 2, 16]--1.635988659036018
[64, 8, 256, 8, 4, 2, 160, 1, 1, 2, 4]--1.655033566443357
[64, 8, 256, 8, 4, 2, 160, 1, 1, 2, 8]--1.6385416506250288
[64, 8, 256, 8, 4, 2, 160, 2, 1, 2, 16]--1.635068780846372
[64, 8, 256, 8, 4, 2, 160, 2, 1, 2, 4]--1.6541840567758772
[64, 8, 256, 8, 4, 2, 160, 2, 1, 2, 8]--1.638971754465292
[64, 8, 256, 8, 4, 3, 128, 1, 1, 1, 16]--1.62328037439436
[64, 8, 256, 8, 4, 3, 128, 1, 1, 1, 4]--1.659758065983786
[64, 8, 256, 8, 4, 3, 128, 1, 1, 1, 8]--1.6318677549900542
[64, 8, 256, 8, 4, 3, 128, 2, 1, 1, 16]--1.6224063950273342
[64, 8, 256, 8, 4, 3, 128, 2, 1, 1, 4]--1.655650386985961
[64, 8, 256, 8, 4, 3, 128, 2, 1, 1, 8]--1.6289167556851671
[64, 8, 256, 8, 4, 3, 128, 1, 1, 2, 16]--1.6235100278711405
[64, 8, 256, 8, 4, 3, 128, 1, 1, 2, 4]--1.6594363700765684
[64, 8, 256, 8, 4, 3, 128, 1, 1, 2, 8]--1.6286610336789198
[64, 8, 256, 8, 4, 3, 128, 2, 1, 2, 16]--1.62152479802215
[64, 8, 256, 8, 4, 3, 128, 2, 1, 2, 4]--1.651678456483606
[64, 8, 256, 8, 4, 3, 128, 2, 1, 2, 8]--1.6271908026538129
[64, 8, 256, 8, 4, 3, 160, 1, 1, 1, 16]--1.62328037439436
[64, 8, 256, 8, 4, 3, 160, 1, 1, 1, 4]--1.659758065983786
[64, 8, 256, 8, 4, 3, 160, 1, 1, 1, 8]--1.6318677549900542
[64, 8, 256, 8, 4, 3, 160, 2, 1, 1, 16]--1.6224063950273342
[64, 8, 256, 8, 4, 3, 160, 2, 1, 1, 4]--1.655650386985961
[64, 8, 256, 8, 4, 3, 160, 2, 1, 1, 8]--1.6289167556851671
[64, 8, 256, 8, 4, 3, 160, 1, 1, 2, 16]--1.6235100278711405
[64, 8, 256, 8, 4, 3, 160, 1, 1, 2, 4]--1.6594363700765684
[64, 8, 256, 8, 4, 3, 160, 1, 1, 2, 8]--1.6286610336789198
[64, 8, 256, 8, 4, 3, 160, 2, 1, 2, 16]--1.62152479802215
[64, 8, 256, 8, 4, 3, 160, 2, 1, 2, 4]--1.651678456483606
[64, 8, 256, 8, 4, 3, 160, 2, 1, 2, 8]--1.6271908026538129
[64, 8, 256, 8, 4, 4, 128, 1, 1, 1, 16]--1.6132228003645237
[64, 8, 256, 8, 4, 4, 128, 1, 1, 1, 4]--1.7610459394036124
[64, 8, 256, 8, 4, 4, 128, 1, 1, 1, 8]--1.6266494182147573
[64, 8, 256, 8, 4, 4, 128, 2, 1, 1, 16]--1.6135768297583097
[64, 8, 256, 8, 4, 4, 128, 2, 1, 1, 4]--1.7484946105587966
[64, 8, 256, 8, 4, 4, 128, 2, 1, 1, 8]--1.6239393179994988
[64, 8, 256, 8, 4, 4, 128, 1, 1, 2, 16]--1.614000282811369
[64, 8, 256, 8, 4, 4, 128, 1, 1, 2, 4]--1.7317927219910387
[64, 8, 256, 8, 4, 4, 128, 1, 1, 2, 8]--1.6237188093694743
[64, 8, 256, 8, 4, 4, 128, 2, 1, 2, 16]--1.6140740917039187
[64, 8, 256, 8, 4, 4, 128, 2, 1, 2, 4]--1.7172605832760217
[64, 8, 256, 8, 4, 4, 128, 2, 1, 2, 8]--1.6227552790404978
[64, 8, 256, 8, 4, 4, 160, 1, 1, 1, 16]--1.6132228003645237
[64, 8, 256, 8, 4, 4, 160, 1, 1, 1, 4]--1.7610459394036124
[64, 8, 256, 8, 4, 4, 160, 1, 1, 1, 8]--1.6266494182147573
[64, 8, 256, 8, 4, 4, 160, 2, 1, 1, 16]--1.6135768297583097
[64, 8, 256, 8, 4, 4, 160, 2, 1, 1, 4]--1.7484946105587966
[64, 8, 256, 8, 4, 4, 160, 2, 1, 1, 8]--1.6239393179994988
[64, 8, 256, 8, 4, 4, 160, 1, 1, 2, 16]--1.614000282811369
[64, 8, 256, 8, 4, 4, 160, 1, 1, 2, 4]--1.7317927219910387
[64, 8, 256, 8, 4, 4, 160, 1, 1, 2, 8]--1.6237188093694743
[64, 8, 256, 8, 4, 4, 160, 2, 1, 2, 16]--1.6140740917039187
[64, 8, 256, 8, 4, 4, 160, 2, 1, 2, 4]--1.7172605832760217
[64, 8, 256, 8, 4, 4, 160, 2, 1, 2, 8]--1.6227552790404978
[64, 8, 256, 8, 4, 5, 160, 2, 1, 2, 8]--1.623399421292894
[64, 8, 256, 8, 8, 5, 160, 2, 1, 2, 16]--1.6088657014352485
[64, 8, 512, 2, 10, 5, 160, 2, 1, 2, 8]--1.630174802023095
[64, 8, 512, 4, 10, 2, 160, 2, 1, 1, 2]--1.940179143122549
[64, 8, 512, 4, 2, 2, 128, 1, 1, 1, 16]--1.6389402608748
[64, 8, 512, 4, 2, 2, 128, 1, 1, 1, 4]--1.6586475132738778
[64, 8, 512, 4, 2, 2, 128, 1, 1, 1, 8]--1.6426906585399654
[64, 8, 512, 4, 2, 2, 128, 2, 1, 1, 16]--1.636206855522255
[64, 8, 512, 4, 2, 2, 128, 2, 1, 1, 4]--1.6583641649973473
[64, 8, 512, 4, 2, 2, 128, 2, 1, 1, 8]--1.6420519209636666
[64, 8, 512, 4, 2, 2, 128, 1, 1, 2, 16]--1.6360038692463508
[64, 8, 512, 4, 2, 2, 128, 1, 1, 2, 4]--1.6536629075050227
[64, 8, 512, 4, 2, 2, 128, 1, 1, 2, 8]--1.6390090928817926
[64, 8, 512, 4, 2, 2, 128, 2, 1, 2, 16]--1.636945038298325
[64, 8, 512, 4, 2, 2, 128, 2, 1, 2, 4]--1.6531101382765896
[64, 8, 512, 4, 2, 2, 128, 2, 1, 2, 8]--1.640573176622122
[64, 8, 512, 4, 2, 2, 160, 1, 1, 1, 16]--1.6389402608748
[64, 8, 512, 4, 2, 2, 160, 1, 1, 1, 4]--1.6586475132738778
[64, 8, 512, 4, 2, 2, 160, 1, 1, 1, 8]--1.6426906585399654
[64, 8, 512, 4, 2, 2, 160, 2, 1, 1, 16]--1.636206855522255
[64, 8, 512, 4, 2, 2, 160, 2, 1, 1, 4]--1.6583641649973473
[64, 8, 512, 4, 2, 2, 160, 2, 1, 1, 8]--1.6420519209636666
[64, 8, 512, 4, 2, 2, 160, 1, 1, 2, 16]--1.6360038692463508
[64, 8, 512, 4, 2, 2, 160, 1, 1, 2, 4]--1.6536629075050227
[64, 8, 512, 4, 2, 2, 160, 1, 1, 2, 8]--1.6390090928817926
[64, 8, 512, 4, 2, 2, 160, 2, 1, 2, 16]--1.636945038298325
[64, 8, 512, 4, 2, 2, 160, 2, 1, 2, 4]--1.6531101382765896
[64, 8, 512, 4, 2, 2, 160, 2, 1, 2, 8]--1.640573176622122
[64, 8, 512, 4, 2, 3, 128, 1, 1, 1, 16]--1.6252378305652353
[64, 8, 512, 4, 2, 3, 128, 1, 1, 1, 4]--1.6625021175080466
[64, 8, 512, 4, 2, 3, 128, 1, 1, 1, 8]--1.6333692208397677
[64, 8, 512, 4, 2, 3, 128, 2, 1, 1, 16]--1.6232998209343057
[64, 8, 512, 4, 2, 3, 128, 2, 1, 1, 4]--1.6558304737824334
[64, 8, 512, 4, 2, 3, 128, 2, 1, 1, 8]--1.6302873247008522
[64, 8, 512, 4, 2, 3, 128, 1, 1, 2, 16]--1.6254086528701257
[64, 8, 512, 4, 2, 3, 128, 1, 1, 2, 4]--1.6563997463367925
[64, 8, 512, 4, 2, 3, 128, 1, 1, 2, 8]--1.630926097298387
[64, 8, 512, 4, 2, 3, 128, 2, 1, 2, 16]--1.6237937170385324
[64, 8, 512, 4, 2, 3, 128, 2, 1, 2, 4]--1.6527606863811553
[64, 8, 512, 4, 2, 3, 128, 2, 1, 2, 8]--1.6276370702532736
[64, 8, 512, 4, 2, 3, 160, 1, 1, 1, 16]--1.6252378305652353
[64, 8, 512, 4, 2, 3, 160, 1, 1, 1, 4]--1.6625021175080466
[64, 8, 512, 4, 2, 3, 160, 1, 1, 1, 8]--1.6333692208397677
[64, 8, 512, 4, 2, 3, 160, 2, 1, 1, 16]--1.6232998209343057
[64, 8, 512, 4, 2, 3, 160, 2, 1, 1, 4]--1.6558304737824334
[64, 8, 512, 4, 2, 3, 160, 2, 1, 1, 8]--1.6302873247008522
[64, 8, 512, 4, 2, 3, 160, 1, 1, 2, 16]--1.6254086528701257
[64, 8, 512, 4, 2, 3, 160, 1, 1, 2, 4]--1.6563997463367925
[64, 8, 512, 4, 2, 3, 160, 1, 1, 2, 8]--1.630926097298387
[64, 8, 512, 4, 2, 3, 160, 2, 1, 2, 16]--1.6237937170385324
[64, 8, 512, 4, 2, 3, 160, 2, 1, 2, 4]--1.6527606863811553
[64, 8, 512, 4, 2, 3, 160, 2, 1, 2, 8]--1.6276370702532736
[64, 8, 512, 4, 2, 4, 128, 1, 1, 1, 16]--1.614882789805618
[64, 8, 512, 4, 2, 4, 128, 1, 1, 1, 4]--1.763114677210024
[64, 8, 512, 4, 2, 4, 128, 1, 1, 1, 8]--1.6280194251140574
[64, 8, 512, 4, 2, 4, 128, 2, 1, 1, 16]--1.6133609785394987
[64, 8, 512, 4, 2, 4, 128, 2, 1, 1, 4]--1.7502621209045797
[64, 8, 512, 4, 2, 4, 128, 2, 1, 1, 8]--1.6264852930264206
[64, 8, 512, 4, 2, 4, 128, 1, 1, 2, 16]--1.614763060012291
[64, 8, 512, 4, 2, 4, 128, 1, 1, 2, 4]--1.7323075630134397
[64, 8, 512, 4, 2, 4, 128, 1, 1, 2, 8]--1.6238125839154034
[64, 8, 512, 4, 2, 4, 128, 2, 1, 2, 16]--1.6132489790546964
[64, 8, 512, 4, 2, 4, 128, 2, 1, 2, 4]--1.7206251251805051
[64, 8, 512, 4, 2, 4, 128, 2, 1, 2, 8]--1.6223609110343002
[64, 8, 512, 4, 2, 4, 160, 1, 1, 1, 16]--1.614882789805618
[64, 8, 512, 4, 2, 4, 160, 1, 1, 1, 4]--1.763114677210024
[64, 8, 512, 4, 2, 4, 160, 1, 1, 1, 8]--1.6280194251140574
[64, 8, 512, 4, 2, 4, 160, 2, 1, 1, 16]--1.6133609785394987
[64, 8, 512, 4, 2, 4, 160, 2, 1, 1, 4]--1.7502621209045797
[64, 8, 512, 4, 2, 4, 160, 2, 1, 1, 8]--1.6264852930264206
[64, 8, 512, 4, 2, 4, 160, 1, 1, 2, 16]--1.614763060012291
[64, 8, 512, 4, 2, 4, 160, 1, 1, 2, 4]--1.7323075630134397
[64, 8, 512, 4, 2, 4, 160, 1, 1, 2, 8]--1.6238125839154034
[64, 8, 512, 4, 2, 4, 160, 2, 1, 2, 16]--1.6132489790546964
[64, 8, 512, 4, 2, 4, 160, 2, 1, 2, 4]--1.7206251251805051
[64, 8, 512, 4, 2, 4, 160, 2, 1, 2, 8]--1.6223609110343002
[64, 8, 512, 4, 4, 2, 128, 1, 1, 1, 16]--1.6361078172097054
[64, 8, 512, 4, 4, 2, 128, 1, 1, 1, 4]--1.6558459649520705
[64, 8, 512, 4, 4, 2, 128, 1, 1, 1, 8]--1.6418590977496237
[64, 8, 512, 4, 4, 2, 128, 2, 1, 1, 16]--1.6355334099624368
[64, 8, 512, 4, 4, 2, 128, 2, 1, 1, 4]--1.6538975738070274
[64, 8, 512, 4, 4, 2, 128, 2, 1, 1, 8]--1.6391785052760974
[64, 8, 512, 4, 4, 2, 128, 1, 1, 2, 16]--1.6339483363833789
[64, 8, 512, 4, 4, 2, 128, 1, 1, 2, 4]--1.6541166324354823
[64, 8, 512, 4, 4, 2, 128, 1, 1, 2, 8]--1.6373760071683083
[64, 8, 512, 4, 4, 2, 128, 2, 1, 2, 16]--1.6340186628025004
[64, 8, 512, 4, 4, 2, 128, 2, 1, 2, 4]--1.6501360131827085
[64, 8, 512, 4, 4, 2, 128, 2, 1, 2, 8]--1.6359044500473885
[64, 8, 512, 4, 4, 2, 160, 1, 1, 1, 16]--1.6361078172097054
[64, 8, 512, 4, 4, 2, 160, 1, 1, 1, 4]--1.6558459649520705
[64, 8, 512, 4, 4, 2, 160, 1, 1, 1, 8]--1.6418590977496237
[64, 8, 512, 4, 4, 2, 160, 2, 1, 1, 16]--1.6355334099624368
[64, 8, 512, 4, 4, 2, 160, 2, 1, 1, 4]--1.6538975738070274
[64, 8, 512, 4, 4, 2, 160, 2, 1, 1, 8]--1.6391785052760974
[64, 8, 512, 4, 4, 2, 160, 1, 1, 2, 16]--1.6339483363833789
[64, 8, 512, 4, 4, 2, 160, 1, 1, 2, 4]--1.6541166324354823
[64, 8, 512, 4, 4, 2, 160, 1, 1, 2, 8]--1.6373760071683083
[64, 8, 512, 4, 4, 2, 160, 2, 1, 2, 16]--1.6340186628025004
[64, 8, 512, 4, 4, 2, 160, 2, 1, 2, 4]--1.6501360131827085
[64, 8, 512, 4, 4, 2, 160, 2, 1, 2, 8]--1.6359044500473885
[64, 8, 512, 4, 4, 3, 128, 1, 1, 1, 16]--1.6229438205078313
[64, 8, 512, 4, 4, 3, 128, 1, 1, 1, 4]--1.6600396194849467
[64, 8, 512, 4, 4, 3, 128, 1, 1, 1, 8]--1.631504304352513
[64, 8, 512, 4, 4, 3, 128, 2, 1, 1, 16]--1.6214743208338291
[64, 8, 512, 4, 4, 3, 128, 2, 1, 1, 4]--1.6552551972440013
[64, 8, 512, 4, 4, 3, 128, 2, 1, 1, 8]--1.6290476797106095
[64, 8, 512, 4, 4, 3, 128, 1, 1, 2, 16]--1.6225714273713803
[64, 8, 512, 4, 4, 3, 128, 1, 1, 2, 4]--1.6554584792161595
[64, 8, 512, 4, 4, 3, 128, 1, 1, 2, 8]--1.62857010859598
[64, 8, 512, 4, 4, 3, 128, 2, 1, 2, 16]--1.62052329545375
[64, 8, 512, 4, 4, 3, 128, 2, 1, 2, 4]--1.6489472350659404
[64, 8, 512, 4, 4, 3, 128, 2, 1, 2, 8]--1.625829589884078
[64, 8, 512, 4, 4, 3, 160, 1, 1, 1, 16]--1.6229438205078313
[64, 8, 512, 4, 4, 3, 160, 1, 1, 1, 4]--1.6600396194849467
[64, 8, 512, 4, 4, 3, 160, 1, 1, 1, 8]--1.631504304352513
[64, 8, 512, 4, 4, 3, 160, 2, 1, 1, 16]--1.6214743208338291
[64, 8, 512, 4, 4, 3, 160, 2, 1, 1, 4]--1.6552551972440013
[64, 8, 512, 4, 4, 3, 160, 2, 1, 1, 8]--1.6290476797106095
[64, 8, 512, 4, 4, 3, 160, 1, 1, 2, 16]--1.6225714273713803
[64, 8, 512, 4, 4, 3, 160, 1, 1, 2, 4]--1.6554584792161595
[64, 8, 512, 4, 4, 3, 160, 1, 1, 2, 8]--1.62857010859598
[64, 8, 512, 4, 4, 3, 160, 2, 1, 2, 16]--1.62052329545375
[64, 8, 512, 4, 4, 3, 160, 2, 1, 2, 4]--1.6489472350659404
[64, 8, 512, 4, 4, 3, 160, 2, 1, 2, 8]--1.625829589884078
[64, 8, 512, 4, 4, 4, 128, 1, 1, 1, 16]--1.6132109151542897
[64, 8, 512, 4, 4, 4, 128, 1, 1, 1, 4]--1.7607387384108417
[64, 8, 512, 4, 4, 4, 128, 1, 1, 1, 8]--1.6250425257569585
[64, 8, 512, 4, 4, 4, 128, 2, 1, 1, 16]--1.61092390977191
[64, 8, 512, 4, 4, 4, 128, 2, 1, 1, 4]--1.746685183811125
[64, 8, 512, 4, 4, 4, 128, 2, 1, 1, 8]--1.6237975030906848
[64, 8, 512, 4, 4, 4, 128, 1, 1, 2, 16]--1.6144356363850156
[64, 8, 512, 4, 4, 4, 128, 1, 1, 2, 4]--1.7301572629606443
[64, 8, 512, 4, 4, 4, 128, 1, 1, 2, 8]--1.6216805332146171
[64, 8, 512, 4, 4, 4, 128, 2, 1, 2, 16]--1.612664767278251
[64, 8, 512, 4, 4, 4, 128, 2, 1, 2, 4]--1.7160436248331576
[64, 8, 512, 4, 4, 4, 128, 2, 1, 2, 8]--1.6198427974494831
[64, 8, 512, 4, 4, 4, 160, 1, 1, 1, 16]--1.6132109151542897
[64, 8, 512, 4, 4, 4, 160, 1, 1, 1, 4]--1.7607387384108417
[64, 8, 512, 4, 4, 4, 160, 1, 1, 1, 8]--1.6250425257569585
[64, 8, 512, 4, 4, 4, 160, 2, 1, 1, 16]--1.61092390977191
[64, 8, 512, 4, 4, 4, 160, 2, 1, 1, 4]--1.746685183811125
[64, 8, 512, 4, 4, 4, 160, 2, 1, 1, 8]--1.6237975030906848
[64, 8, 512, 4, 4, 4, 160, 1, 1, 2, 16]--1.6144356363850156
[64, 8, 512, 4, 4, 4, 160, 1, 1, 2, 4]--1.7301572629606443
[64, 8, 512, 4, 4, 4, 160, 1, 1, 2, 8]--1.6216805332146171
[64, 8, 512, 4, 4, 4, 160, 2, 1, 2, 16]--1.612664767278251
[64, 8, 512, 4, 4, 4, 160, 2, 1, 2, 4]--1.7160436248331576
[64, 8, 512, 4, 4, 4, 160, 2, 1, 2, 8]--1.6198427974494831
[64, 8, 512, 4, 4, 5, 128, 2, 1, 2, 16]--1.6066422038385453
[64, 8, 512, 4, 4, 5, 128, 2, 1, 2, 8]--1.6216680877038978
[64, 8, 512, 4, 4, 5, 160, 2, 1, 2, 8]--1.6216680877038978
[64, 8, 512, 4, 8, 4, 160, 2, 1, 2, 4]--1.7179165412006918
[64, 8, 512, 4, 8, 4, 160, 2, 1, 2, 8]--1.6205218223888933
[64, 8, 512, 4, 8, 5, 160, 2, 1, 2, 24]--1.607010220380006
[64, 8, 512, 8, 2, 2, 96, 2, 1, 2, 8]--1.6373124820619798
[64, 8, 512, 4, 2, 5, 160, 2, 1, 2, 16]--1.6098446401046094
[64, 8, 512, 4, 2, 5, 160, 2, 1, 2, 8]--1.622115854418285
[64, 8, 512, 4, 4, 5, 160, 2, 1, 2, 16]--1.6066422038385453
[16, 8, 128, 4, 2, 3, 32, 3, 1, 2, 4]--2.053984093584935
[32, 16, 256, 2, 2, 2, 128, 2, 1, 2, 16]--1.766392771290127
[64, 8, 128, 2, 2, 5, 160, 1, 1, 1, 24]--2.1734262581744415
[64, 8, 256, 8, 2, 5, 160, 2, 1, 2, 16]--1.6113118327134373
