[16, 16, 2048, 16, 10, 5, 32, 5, 2, 2, 8]--1.7317564391958535
[16, 2, 1024, 2, 10, 4, 128, 4, 1, 1, 16]--1.8251587044159214
[16, 2, 1024, 2, 10, 5, 96, 5, 1, 2, 24]--1.815618235617309
[16, 2, 1024, 4, 10, 2, 160, 1, 2, 2, 16]--2.0005146722977223
[16, 2, 128, 16, 2, 3, 128, 1, 2, 1, 8]--1.8884137501903129
[16, 2, 128, 16, 2, 4, 64, 4, 1, 1, 4]--1.957020725903076
[16, 2, 128, 2, 2, 1, 32, 1, 1, 1, 2]--2.1965270376720265
[16, 2, 128, 2, 2, 1, 64, 1, 1, 1, 2]--2.1965270376720265
[16, 2, 128, 2, 2, 1, 96, 1, 1, 1, 2]--2.1965270376720265
[16, 2, 128, 2, 2, 2, 32, 2, 1, 1, 2]--2.2037175557865054
[16, 2, 128, 2, 2, 4, 160, 4, 2, 2, 4]--1.9834047144644429
[16, 2, 128, 2, 2, 5, 32, 5, 1, 1, 8]--1.8955926840408561
[16, 2, 128, 2, 8, 2, 64, 2, 1, 1, 8]--2.0464926158591883
[16, 2, 128, 4, 2, 1, 128, 1, 1, 1, 2]--2.1608392302753083
[16, 2, 128, 4, 2, 1, 32, 1, 1, 1, 8]--2.1325703164820906
[16, 2, 128, 4, 8, 4, 96, 4, 1, 1, 24]--1.8529874161795759
[16, 2, 128, 4, 8, 5, 160, 5, 1, 1, 16]--1.8506457399696823
[16, 2, 128, 8, 2, 1, 128, 1, 1, 1, 2]--2.1395920353220754
[16, 2, 128, 8, 2, 3, 128, 1, 1, 1, 4]--1.9235173797056935
[16, 2, 128, 8, 4, 1, 96, 1, 1, 1, 2]--2.1418277982616987
[16, 2, 128, 8, 4, 1, 96, 1, 1, 1, 4]--2.111940397307155
[16, 2, 128, 8, 4, 2, 32, 1, 1, 1, 2]--2.165769162027445
[16, 2, 128, 8, 4, 4, 128, 3, 1, 2, 4]--1.9286376243653478
[16, 2, 2048, 2, 10, 5, 128, 1, 2, 1, 16]--1.8777727763177927
[16, 2, 2048, 2, 10, 5, 160, 5, 1, 1, 8]--1.823854647275712
[16, 2, 2048, 2, 2, 4, 160, 2, 1, 2, 24]--1.8308002409526898
[16, 2, 2048, 2, 6, 2, 160, 1, 1, 2, 4]--2.0110662818484513
[16, 2, 2048, 4, 4, 5, 32, 1, 1, 1, 8]--1.8884584323512084
[16, 2, 2048, 8, 10, 5, 64, 5, 2, 1, 16]--1.8228319222596596
[16, 2, 256, 16, 4, 4, 96, 1, 1, 1, 24]--1.8893735892021422
[16, 2, 256, 16, 6, 3, 32, 3, 1, 1, 4]--1.8619337777277631
[16, 2, 256, 2, 2, 2, 32, 2, 1, 1, 2]--2.191661646818961
[16, 2, 256, 2, 2, 5, 96, 4, 2, 2, 24]--1.8615366029642477
[16, 2, 256, 4, 10, 4, 160, 4, 2, 1, 24]--1.8385650075794184
[16, 2, 256, 4, 4, 5, 32, 5, 1, 1, 8]--1.849707414590877
[16, 2, 256, 8, 8, 4, 32, 1, 1, 1, 4]--2.0090357258699783
[16, 2, 512, 2, 4, 2, 160, 1, 1, 2, 2]--2.1722033931963964
[16, 2, 512, 2, 4, 4, 64, 4, 1, 1, 4]--1.9720240025948752
[16, 2, 512, 2, 8, 3, 160, 3, 1, 1, 4]--1.8773689819748853
[16, 2, 512, 2, 8, 4, 128, 4, 1, 1, 16]--1.8424457359979347
[16, 2, 512, 4, 4, 1, 64, 1, 1, 1, 2]--2.131026299588924
[16, 2, 512, 8, 6, 2, 64, 1, 1, 1, 4]--2.0110679367432995
[16, 4, 1024, 2, 8, 4, 128, 4, 1, 1, 8]--1.7849629634533022
[16, 4, 1024, 8, 10, 2, 160, 1, 1, 1, 2]--2.112552708400908
[16, 4, 1024, 8, 10, 2, 32, 2, 2, 2, 2]--2.0816392726406163
[16, 4, 128, 16, 8, 4, 64, 3, 2, 1, 4]--1.9143575367221166
[16, 4, 128, 2, 2, 4, 96, 1, 1, 1, 4]--2.0306916798506625
[16, 4, 128, 2, 4, 1, 32, 1, 1, 1, 2]--2.1551530115776445
[16, 4, 128, 2, 6, 4, 160, 2, 1, 2, 8]--1.8511620671622524
[16, 4, 128, 4, 10, 4, 96, 3, 1, 2, 16]--1.8058560109090669
[16, 4, 128, 8, 6, 4, 32, 1, 1, 1, 4]--1.9767106648043584
[16, 4, 128, 8, 6, 5, 160, 5, 1, 1, 16]--1.7934757425513184
[16, 4, 128, 8, 8, 2, 32, 2, 1, 1, 2]--2.103785075496303
[16, 4, 2048, 2, 10, 2, 160, 1, 2, 1, 4]--1.9726181098453004
[16, 4, 2048, 2, 2, 3, 32, 3, 1, 1, 4]--1.8219333143572058
[16, 4, 2048, 2, 4, 3, 160, 3, 1, 1, 4]--1.821900216460246
[16, 4, 256, 2, 6, 5, 128, 2, 1, 1, 24]--1.842874353763562
[16, 4, 512, 2, 10, 2, 128, 2, 1, 2, 2]--2.1028732284350653
[16, 4, 512, 2, 10, 4, 128, 4, 1, 2, 4]--1.8870947989964717
[16, 4, 512, 2, 4, 3, 32, 2, 2, 2, 4]--1.8344823819894485
[16, 4, 512, 4, 2, 5, 32, 3, 2, 1, 8]--1.7975964307227918
[16, 4, 512, 4, 8, 2, 64, 1, 1, 1, 2]--2.116287806072802
[16, 4, 512, 8, 6, 3, 32, 1, 1, 1, 4]--1.8749627648659204
[16, 8, 1024, 2, 2, 3, 128, 2, 1, 2, 4]--1.790836185268788
[16, 8, 1024, 2, 2, 3, 64, 2, 1, 2, 4]--1.790836185268788
[16, 8, 1024, 2, 2, 5, 128, 5, 1, 1, 8]--1.760291791059596
[16, 8, 128, 16, 10, 5, 160, 2, 1, 2, 24]--1.7639093911972834
[16, 8, 128, 16, 2, 3, 64, 2, 1, 2, 4]--1.7938133411003065
[16, 8, 128, 2, 8, 4, 96, 4, 1, 1, 8]--1.8304460934552218
[16, 8, 128, 4, 2, 3, 128, 3, 1, 1, 4]--1.8269426810620453
[16, 8, 128, 8, 8, 3, 128, 3, 1, 1, 8]--1.7708119576082135
[16, 8, 2048, 2, 6, 3, 96, 3, 2, 1, 4]--1.7944107581404278
[16, 8, 2048, 2, 8, 2, 32, 1, 1, 1, 24]--1.9410195476179444
[16, 8, 256, 2, 10, 3, 32, 1, 2, 2, 16]--1.8670656066513533
[16, 8, 256, 4, 2, 4, 32, 4, 1, 1, 24]--1.778844817200315
[16, 8, 256, 4, 8, 3, 128, 3, 1, 1, 16]--1.7766769049494595
[16, 8, 256, 8, 2, 3, 32, 1, 2, 1, 16]--1.8255211263876294
[16, 8, 512, 2, 4, 2, 96, 1, 2, 1, 2]--2.1043725631673365
[16, 8, 512, 2, 6, 4, 32, 4, 1, 1, 16]--1.7821893596880853
[16, 8, 512, 4, 4, 5, 96, 1, 2, 1, 8]--1.8202701450349845
[32, 16, 1024, 8, 10, 4, 96, 4, 2, 2, 24]--1.6945560579080805
[32, 16, 128, 2, 4, 3, 160, 1, 1, 2, 24]--1.8672079276082798
[32, 16, 128, 4, 8, 3, 160, 3, 1, 2, 4]--1.7755962586137277
[32, 16, 512, 16, 8, 5, 160, 1, 2, 2, 8]--1.7632077157817392
[32, 16, 512, 4, 6, 4, 64, 3, 2, 1, 8]--1.7119506576552126
[32, 16, 512, 8, 4, 2, 128, 1, 1, 1, 4]--1.9070164231764715
[32, 2, 1024, 2, 2, 4, 128, 4, 1, 1, 16]--1.794913846174214
[32, 2, 1024, 2, 4, 4, 64, 4, 1, 1, 8]--1.7973763297080103
[32, 2, 128, 16, 8, 4, 160, 1, 1, 2, 24]--1.858844089046582
[32, 2, 128, 2, 10, 4, 96, 4, 1, 1, 16]--1.8547217459802605
[32, 2, 128, 2, 2, 1, 32, 1, 1, 1, 4]--2.138676878471142
[32, 2, 128, 2, 6, 3, 64, 3, 1, 1, 8]--1.8590774292201473
[32, 2, 128, 2, 8, 3, 32, 3, 1, 1, 4]--1.8907008148702231
[32, 2, 128, 2, 8, 5, 160, 5, 1, 1, 24]--1.8498282219147795
[32, 2, 128, 4, 10, 4, 128, 4, 1, 2, 24]--1.814443260275242
[32, 2, 128, 4, 10, 4, 64, 4, 2, 1, 16]--1.8264826202943065
[32, 2, 128, 4, 2, 4, 128, 4, 1, 1, 8]--1.8296550537178868
[32, 2, 128, 4, 4, 2, 32, 2, 2, 1, 8]--1.9892150502757056
[32, 2, 128, 4, 4, 4, 128, 4, 1, 1, 16]--1.8247284317554462
[32, 2, 128, 4, 6, 4, 128, 4, 1, 1, 16]--1.8223271793310254
[32, 2, 2048, 2, 6, 5, 160, 1, 1, 2, 8]--1.8462850920452514
[32, 2, 2048, 4, 4, 2, 64, 1, 1, 2, 2]--2.1140288746053075
[32, 2, 2048, 4, 8, 2, 128, 2, 1, 2, 2]--2.0934403278015714
[32, 2, 2048, 4, 8, 3, 128, 2, 1, 1, 24]--1.8088232373714974
[32, 2, 256, 16, 8, 2, 96, 1, 1, 2, 4]--1.9850993267887758
[32, 2, 256, 2, 8, 1, 32, 1, 1, 1, 16]--2.1234386067109297
[32, 2, 256, 2, 8, 4, 160, 1, 1, 1, 24]--1.9072828612469963
[32, 2, 256, 2, 8, 4, 64, 4, 1, 1, 16]--1.8436438798678731
[32, 2, 256, 2, 8, 5, 160, 5, 1, 1, 8]--1.8437431735587522
[32, 2, 256, 4, 4, 2, 64, 2, 2, 1, 2]--2.118758564080838
[32, 2, 256, 4, 6, 2, 160, 1, 2, 2, 8]--1.9908202982782475
[32, 2, 256, 8, 2, 3, 128, 3, 1, 1, 4]--1.8346313225257667
[32, 2, 256, 8, 8, 2, 96, 2, 1, 1, 16]--1.9626506781759088
[32, 2, 512, 4, 4, 2, 32, 1, 2, 2, 16]--1.9807188201261692
[32, 2, 512, 4, 4, 5, 160, 5, 1, 1, 24]--1.7980482170162908
[32, 2, 512, 8, 2, 3, 32, 3, 1, 2, 8]--1.795708195701245
[32, 2, 512, 8, 2, 4, 128, 4, 1, 1, 4]--1.9205964902990065
[32, 2, 512, 8, 4, 4, 128, 4, 1, 1, 8]--1.800878087206339
[32, 2, 512, 8, 6, 4, 32, 1, 1, 1, 24]--1.867098704548313
[32, 4, 1024, 2, 10, 5, 128, 5, 1, 2, 8]--1.7541024843281459
[32, 4, 1024, 2, 6, 4, 128, 4, 1, 1, 16]--1.7595305394295246
[32, 4, 1024, 4, 8, 2, 96, 2, 1, 2, 24]--1.9249389343801095
[32, 4, 1024, 4, 8, 3, 128, 3, 1, 1, 16]--1.7628949406554708
[32, 4, 128, 16, 2, 4, 32, 4, 1, 1, 16]--1.7699348633387835
[32, 4, 128, 16, 4, 2, 96, 2, 1, 1, 4]--1.9382790417496871
[32, 4, 128, 2, 4, 4, 128, 4, 1, 1, 16]--1.8244338604725057
[32, 4, 128, 2, 6, 4, 96, 4, 1, 1, 16]--1.826803669894815
[32, 4, 128, 4, 6, 2, 128, 2, 1, 1, 16]--1.961732211535279
[32, 4, 128, 4, 6, 4, 128, 4, 1, 1, 4]--1.914503167468739
[32, 4, 128, 8, 4, 3, 96, 3, 1, 2, 8]--1.764831167627609
[32, 4, 128, 8, 6, 4, 128, 4, 1, 1, 8]--1.7741250570938722
[32, 4, 128, 8, 8, 5, 96, 5, 1, 2, 8]--1.7610563524793634
[32, 4, 256, 16, 2, 3, 128, 3, 1, 2, 16]--1.7575959673522343
[32, 4, 256, 2, 4, 3, 96, 1, 1, 1, 16]--1.8742610894503764
[32, 4, 256, 4, 4, 2, 64, 1, 2, 2, 4]--1.9662053923093727
[32, 4, 256, 4, 4, 2, 64, 2, 2, 2, 4]--1.9454414266517506
[32, 4, 256, 4, 6, 2, 32, 1, 1, 2, 16]--1.9593673667975138
[32, 4, 256, 4, 6, 2, 96, 2, 1, 1, 16]--1.9428680651631396
[32, 4, 256, 4, 8, 5, 128, 4, 1, 2, 16]--1.7650247903248228
[32, 4, 256, 4, 8, 5, 96, 5, 2, 2, 8]--1.7630223675587653
[32, 4, 256, 8, 10, 4, 32, 4, 1, 2, 24]--1.7616173618328292
[32, 4, 256, 8, 2, 2, 96, 2, 1, 2, 2]--2.0594587169931224
[32, 4, 256, 8, 2, 3, 96, 3, 1, 1, 8]--1.7659316727015166
[32, 4, 256, 8, 8, 3, 128, 3, 1, 1, 4]--1.8013646262916454
[32, 4, 512, 16, 2, 2, 96, 1, 1, 1, 16]--1.9430186605943058
[32, 4, 512, 2, 2, 4, 128, 4, 1, 1, 16]--1.7798046562121443
[32, 4, 512, 2, 8, 3, 96, 3, 2, 1, 16]--1.7835364440943422
[32, 4, 512, 8, 2, 5, 160, 3, 1, 2, 24]--1.7537202036182622
[32, 8, 1024, 2, 2, 3, 128, 3, 1, 1, 16]--1.7377455036506981
[32, 8, 1024, 2, 2, 3, 32, 3, 1, 1, 8]--1.7394169474471592
[32, 8, 1024, 2, 2, 3, 64, 2, 1, 2, 4]--1.7651124997517658
[32, 8, 1024, 2, 6, 3, 64, 3, 1, 1, 16]--1.7363090549226503
[32, 8, 1024, 2, 8, 4, 32, 3, 1, 1, 8]--1.741472326848352
[32, 8, 1024, 2, 8, 4, 32, 4, 1, 1, 8]--1.7393888142347436
[32, 8, 1024, 4, 10, 2, 128, 2, 1, 1, 2]--2.0345757180588744
[32, 8, 128, 2, 4, 5, 160, 1, 1, 1, 24]--1.8745473862590771
[32, 8, 128, 2, 4, 5, 64, 4, 1, 1, 24]--1.812589778045503
[32, 8, 128, 2, 6, 3, 32, 3, 1, 1, 16]--1.8209883693990083
[32, 8, 128, 2, 6, 4, 64, 4, 1, 1, 16]--1.817198660197131
[32, 8, 128, 4, 2, 3, 64, 3, 1, 1, 16]--1.7745288514367796
[32, 8, 128, 8, 4, 4, 160, 2, 2, 1, 16]--1.7600501764117908
[32, 8, 2048, 2, 10, 2, 64, 1, 1, 1, 2]--2.0564203300522284
[32, 8, 2048, 2, 4, 4, 128, 2, 1, 2, 4]--1.828648877650314
[32, 8, 256, 16, 6, 2, 64, 2, 1, 2, 4]--1.9079266153428611
[32, 8, 256, 4, 4, 2, 64, 2, 1, 1, 16]--1.9221520914561088
[32, 8, 256, 8, 8, 4, 96, 4, 1, 1, 16]--1.7360442717469733
[32, 8, 512, 2, 2, 3, 96, 1, 1, 1, 24]--1.819073656059894
[32, 8, 512, 2, 6, 3, 96, 3, 1, 1, 16]--1.7566460577094931
[32, 8, 512, 2, 6, 4, 96, 4, 1, 1, 16]--1.755502525369538
[32, 8, 512, 2, 8, 3, 128, 3, 1, 1, 8]--1.7580212753281657
[32, 8, 512, 4, 2, 3, 128, 3, 1, 1, 16]--1.7433903499771624
[32, 8, 512, 4, 6, 3, 160, 3, 1, 1, 4]--1.776645461947348
[32, 8, 512, 4, 6, 3, 32, 3, 1, 1, 16]--1.744135052658754
[32, 8, 512, 4, 6, 4, 64, 4, 1, 1, 16]--1.7382767248969
[64, 16, 128, 2, 2, 5, 160, 1, 1, 1, 24]--1.869140844790722
[64, 16, 128, 2, 2, 5, 32, 1, 1, 1, 24]--1.8800515665234632
[64, 2, 1024, 2, 2, 4, 32, 4, 2, 1, 8]--1.7765147252543574
[64, 2, 1024, 4, 4, 4, 64, 4, 1, 1, 16]--1.7703039048898832
[64, 2, 128, 2, 10, 2, 32, 1, 1, 2, 2]--2.1593382406481894
[64, 2, 128, 2, 10, 5, 32, 5, 2, 1, 24]--1.8414958263551935
[64, 2, 128, 2, 4, 2, 64, 1, 1, 1, 24]--2.0256260467209914
[64, 2, 128, 4, 2, 4, 64, 4, 1, 2, 8]--1.7928965293545247
[64, 2, 2048, 2, 8, 5, 160, 3, 1, 2, 8]--1.7593650499447264
[64, 2, 256, 16, 2, 2, 128, 1, 1, 2, 8]--1.9551457300403132
[64, 2, 256, 2, 10, 4, 64, 4, 1, 1, 24]--1.8121843288077475
[64, 2, 256, 2, 10, 5, 32, 5, 1, 1, 24]--1.8220706706295882
[64, 2, 256, 4, 4, 4, 32, 4, 1, 1, 4]--1.9041071180337201
[64, 2, 256, 4, 4, 5, 64, 1, 2, 2, 16]--1.8385550782103306
[64, 2, 256, 8, 10, 5, 96, 2, 1, 1, 16]--1.786225648222312
[64, 2, 256, 8, 2, 4, 128, 4, 1, 2, 8]--1.7670967186744955
[64, 2, 256, 8, 2, 5, 96, 3, 2, 1, 16]--1.775116339107813
[64, 2, 512, 2, 4, 2, 32, 2, 1, 1, 8]--1.9578581026961548
[64, 2, 512, 2, 4, 3, 32, 3, 1, 2, 4]--1.8075423487591598
[64, 2, 512, 4, 8, 5, 64, 1, 2, 2, 8]--1.8266348706203208
[64, 2, 512, 4, 8, 5, 96, 5, 1, 2, 24]--1.764659058563419
[64, 2, 512, 8, 10, 1, 64, 1, 1, 1, 4]--2.0590052758047754
[64, 4, 1024, 2, 10, 2, 64, 1, 1, 1, 24]--1.9244821834020667
[64, 4, 1024, 4, 8, 5, 128, 1, 1, 1, 24]--1.795900163503611
[64, 4, 128, 16, 10, 4, 160, 4, 1, 1, 16]--1.7420366459915138
[64, 4, 128, 2, 8, 5, 128, 5, 1, 1, 8]--1.8179350884044827
[64, 4, 128, 4, 10, 2, 32, 2, 1, 1, 8]--1.9481868972045515
[64, 4, 128, 4, 10, 2, 32, 1, 1, 2, 8]--1.962169103775146
[64, 4, 128, 4, 2, 3, 128, 3, 1, 1, 4]--1.8108438639808826
[64, 4, 128, 8, 2, 3, 32, 3, 1, 1, 4]--1.7873244984013716
[64, 4, 256, 4, 6, 2, 160, 2, 1, 1, 24]--1.9257068055895727
[64, 4, 256, 8, 10, 2, 160, 2, 2, 2, 2]--2.03266100471976
[64, 8, 1024, 2, 2, 3, 128, 1, 1, 1, 16]--1.774399769638637
[64, 8, 1024, 2, 2, 3, 128, 1, 1, 1, 4]--1.800353485539529
[64, 8, 1024, 2, 2, 3, 128, 1, 1, 1, 8]--1.7710287488332992
[64, 8, 1024, 2, 2, 3, 128, 2, 1, 1, 16]--1.7196889459643734
[64, 8, 1024, 2, 2, 3, 128, 2, 1, 1, 4]--1.749566417549829
[64, 8, 1024, 2, 2, 3, 128, 2, 1, 1, 8]--1.7214315502392978
[64, 8, 1024, 2, 2, 3, 128, 1, 1, 2, 16]--1.7673664665347164
[64, 8, 1024, 2, 2, 3, 128, 1, 1, 2, 4]--1.7855603804934235
[64, 8, 1024, 2, 2, 3, 128, 1, 1, 2, 8]--1.7676163556567617
[64, 8, 1024, 2, 2, 3, 128, 2, 1, 2, 16]--1.7117537251683028
[64, 8, 1024, 2, 2, 3, 128, 2, 1, 2, 4]--1.734826269138859
[64, 8, 1024, 2, 2, 3, 128, 2, 1, 2, 8]--1.7111430689693976
[64, 8, 1024, 2, 2, 3, 160, 2, 1, 2, 4]--1.734826269138859
[64, 8, 1024, 2, 2, 3, 64, 1, 1, 1, 16]--1.774399769638637
[64, 8, 1024, 2, 2, 3, 64, 1, 1, 1, 4]--1.800353485539529
[64, 8, 1024, 2, 2, 3, 64, 1, 1, 1, 8]--1.7710287488332992
[64, 8, 1024, 2, 2, 3, 64, 2, 1, 1, 16]--1.7196889459643734
[64, 8, 1024, 2, 2, 3, 64, 2, 1, 1, 4]--1.749566417549829
[64, 8, 1024, 2, 2, 3, 64, 2, 1, 1, 8]--1.7214315502392978
[64, 8, 1024, 2, 2, 3, 64, 1, 1, 2, 16]--1.7673664665347164
[64, 8, 1024, 2, 2, 3, 64, 1, 1, 2, 4]--1.7855603804934235
[64, 8, 1024, 2, 2, 3, 64, 1, 1, 2, 8]--1.7676163556567617
[64, 8, 1024, 2, 2, 3, 64, 2, 1, 2, 16]--1.7117537251683028
[64, 8, 1024, 2, 2, 3, 64, 2, 1, 2, 4]--1.734826269138859
[64, 8, 1024, 2, 2, 3, 64, 2, 1, 2, 8]--1.7111430689693976
[64, 8, 1024, 2, 2, 3, 96, 2, 1, 2, 4]--1.734826269138859
[64, 8, 1024, 2, 2, 4, 128, 1, 1, 1, 16]--1.7769449979148324
[64, 8, 1024, 2, 2, 4, 128, 1, 1, 1, 4]--1.885388602408203
[64, 8, 1024, 2, 2, 4, 128, 1, 1, 1, 8]--1.7770476013954073
[64, 8, 1024, 2, 2, 4, 128, 2, 1, 1, 16]--1.717693142777708
[64, 8, 1024, 2, 2, 4, 128, 2, 1, 1, 4]--1.8319603222411247
[64, 8, 1024, 2, 2, 4, 128, 2, 1, 1, 8]--1.719715424281941
[64, 8, 1024, 2, 2, 4, 128, 1, 1, 2, 16]--1.7727912118463993
[64, 8, 1024, 2, 2, 4, 128, 1, 1, 2, 4]--1.8599429392256417
[64, 8, 1024, 2, 2, 4, 128, 1, 1, 2, 8]--1.7709840666724037
[64, 8, 1024, 2, 2, 4, 128, 2, 1, 2, 16]--1.7103437547578226
[64, 8, 1024, 2, 2, 4, 128, 2, 1, 2, 4]--1.8008549186784673
[64, 8, 1024, 2, 2, 4, 128, 2, 1, 2, 8]--1.7122617778866331
[64, 8, 1024, 2, 2, 4, 64, 1, 1, 1, 16]--1.7769449979148324
[64, 8, 1024, 2, 2, 4, 64, 1, 1, 1, 4]--1.885388602408203
[64, 8, 1024, 2, 2, 4, 64, 1, 1, 1, 8]--1.7770476013954073
[64, 8, 1024, 2, 2, 4, 64, 2, 1, 1, 16]--1.719382790417497
[64, 8, 1024, 2, 2, 4, 64, 2, 1, 1, 4]--1.8319603222411247
[64, 8, 1024, 2, 2, 4, 64, 2, 1, 1, 8]--1.719715424281941
[64, 8, 1024, 2, 2, 4, 64, 1, 1, 2, 16]--1.7727912118463993
[64, 8, 1024, 2, 2, 4, 64, 1, 1, 2, 4]--1.8599429392256417
[64, 8, 1024, 2, 2, 4, 64, 1, 1, 2, 8]--1.7709840666724037
[64, 8, 1024, 2, 2, 4, 64, 2, 1, 2, 16]--1.7103437547578226
[64, 8, 1024, 2, 2, 4, 64, 2, 1, 2, 4]--1.8008549186784673
[64, 8, 1024, 2, 2, 4, 64, 2, 1, 2, 8]--1.7122617778866331
[64, 8, 1024, 2, 4, 3, 128, 1, 1, 1, 16]--1.7732678215626179
[64, 8, 1024, 2, 4, 3, 128, 1, 1, 1, 4]--1.8016360290467144
[64, 8, 1024, 2, 4, 3, 128, 1, 1, 1, 8]--1.7740174889287534
[64, 8, 1024, 2, 4, 3, 128, 2, 1, 1, 16]--1.719202406879067
[64, 8, 1024, 2, 4, 3, 128, 2, 1, 1, 4]--1.7521778416199434
[64, 8, 1024, 2, 4, 3, 128, 2, 1, 1, 8]--1.7217476351552623
[64, 8, 1024, 2, 4, 3, 128, 1, 1, 2, 16]--1.7695376885752678
[64, 8, 1024, 2, 4, 3, 128, 1, 1, 2, 4]--1.7879119860724049
[64, 8, 1024, 2, 4, 3, 128, 1, 1, 2, 8]--1.768212117802035
[64, 8, 1024, 2, 4, 3, 128, 2, 1, 2, 16]--1.7126788113883245
[64, 8, 1024, 2, 4, 3, 128, 2, 1, 2, 4]--1.7358307903115835
[64, 8, 1024, 2, 4, 3, 128, 2, 1, 2, 8]--1.7123941694744715
[64, 8, 1024, 2, 4, 3, 64, 1, 1, 1, 16]--1.7732678215626179
[64, 8, 1024, 2, 4, 3, 64, 1, 1, 1, 4]--1.8016360290467144
[64, 8, 1024, 2, 4, 3, 64, 1, 1, 1, 8]--1.7740174889287534
[64, 8, 1024, 2, 4, 3, 64, 2, 1, 1, 16]--1.719202406879067
[64, 8, 1024, 2, 4, 3, 64, 2, 1, 1, 4]--1.7521778416199434
[64, 8, 1024, 2, 4, 3, 64, 2, 1, 1, 8]--1.7217476351552623
[64, 8, 1024, 2, 4, 3, 64, 1, 1, 2, 16]--1.7695376885752678
[64, 8, 1024, 2, 4, 3, 64, 1, 1, 2, 4]--1.7879119860724049
[64, 8, 1024, 2, 4, 3, 64, 1, 1, 2, 8]--1.768212117802035
[64, 8, 1024, 2, 4, 3, 64, 2, 1, 2, 16]--1.7126788113883245
[64, 8, 1024, 2, 4, 3, 64, 2, 1, 2, 4]--1.7358307903115835
[64, 8, 1024, 2, 4, 3, 64, 2, 1, 2, 8]--1.7123941694744715
[64, 8, 1024, 2, 4, 3, 96, 2, 1, 2, 4]--1.7358307903115835
[64, 8, 1024, 2, 4, 4, 128, 1, 1, 1, 16]--1.7766057444709964
[64, 8, 1024, 2, 4, 4, 128, 1, 1, 1, 4]--1.8860704190855713
[64, 8, 1024, 2, 4, 4, 128, 1, 1, 1, 8]--1.778773656721852
[64, 8, 1024, 2, 4, 4, 128, 2, 1, 1, 16]--1.7183435164529646
[64, 8, 1024, 2, 4, 4, 128, 2, 1, 1, 4]--1.8358294663957053
[64, 8, 1024, 2, 4, 4, 128, 2, 1, 1, 8]--1.7188548789609908
[64, 8, 1024, 2, 4, 4, 128, 1, 1, 2, 16]--1.7715583151846532
[64, 8, 1024, 2, 4, 4, 128, 1, 1, 2, 4]--1.8582698405343325
[64, 8, 1024, 2, 4, 4, 128, 1, 1, 2, 8]--1.7724337545592352
[64, 8, 1024, 2, 4, 4, 128, 2, 1, 2, 16]--1.7072871639736011
[64, 8, 1024, 2, 4, 4, 128, 2, 1, 2, 4]--1.7991272084571746
[64, 8, 1024, 2, 4, 4, 128, 2, 1, 2, 8]--1.7120367121873077
[64, 8, 1024, 2, 4, 4, 64, 1, 1, 1, 16]--1.7766057444709964
[64, 8, 1024, 2, 4, 4, 64, 1, 1, 1, 4]--1.8860704190855713
[64, 8, 1024, 2, 4, 4, 64, 1, 1, 1, 8]--1.778773656721852
[64, 8, 1024, 2, 4, 4, 64, 2, 1, 1, 16]--1.7187092482143684
[64, 8, 1024, 2, 4, 4, 64, 2, 1, 1, 4]--1.8358294663957053
[64, 8, 1024, 2, 4, 4, 64, 2, 1, 1, 8]--1.7209499758385352
[64, 8, 1024, 2, 4, 4, 64, 1, 1, 2, 16]--1.7715583151846532
[64, 8, 1024, 2, 4, 4, 64, 1, 1, 2, 4]--1.8582698405343325
[64, 8, 1024, 2, 4, 4, 64, 1, 1, 2, 8]--1.7724337545592352
[64, 8, 1024, 2, 4, 4, 64, 2, 1, 2, 16]--1.7072871639736011
[64, 8, 1024, 2, 4, 4, 64, 2, 1, 2, 4]--1.7991272084571746
[64, 8, 1024, 2, 4, 4, 64, 2, 1, 2, 8]--1.7120367121873077
[64, 8, 1024, 2, 8, 3, 96, 2, 1, 2, 4]--1.736491093355928
[64, 8, 1024, 4, 2, 3, 128, 2, 1, 2, 16]--1.711651121687728
[64, 8, 1024, 4, 2, 3, 128, 2, 1, 2, 8]--1.7113548955099394
[64, 8, 1024, 4, 2, 3, 160, 2, 1, 2, 8]--1.7113548955099394
[64, 8, 1024, 4, 2, 4, 128, 2, 1, 2, 8]--1.7093077905829863
[64, 8, 1024, 4, 2, 4, 160, 1, 2, 2, 24]--1.772728325842176
[64, 8, 1024, 4, 2, 4, 160, 2, 1, 2, 16]--1.7088526944997915
[64, 8, 1024, 4, 2, 4, 160, 2, 1, 2, 24]--1.7088526944997915
[64, 8, 1024, 4, 2, 4, 160, 2, 1, 2, 8]--1.7093077905829863
[64, 8, 1024, 4, 2, 5, 128, 2, 1, 2, 8]--1.7100706971079058
[64, 8, 1024, 4, 2, 5, 160, 2, 1, 2, 16]--1.7086127347468343
[64, 8, 1024, 4, 2, 5, 160, 2, 1, 2, 24]--1.7086127347468343
[64, 8, 1024, 4, 2, 5, 160, 2, 1, 2, 8]--1.7100706971079058
[64, 8, 1024, 4, 4, 3, 128, 2, 1, 2, 8]--1.7129353200897615
[64, 8, 128, 16, 2, 3, 128, 1, 1, 1, 16]--1.7789507304705858
[64, 8, 128, 16, 2, 3, 128, 1, 1, 1, 4]--1.80522218618229
[64, 8, 128, 16, 2, 3, 128, 1, 1, 1, 8]--1.7754522827619532
[64, 8, 128, 16, 2, 3, 128, 2, 1, 1, 16]--1.7264227131008096
[64, 8, 128, 16, 2, 3, 128, 2, 1, 1, 4]--1.754969649228488
[64, 8, 128, 16, 2, 3, 128, 2, 1, 1, 8]--1.728961321797613
[64, 8, 128, 16, 2, 3, 128, 1, 1, 2, 16]--1.774863140196072
[64, 8, 128, 16, 2, 3, 128, 1, 1, 2, 4]--1.7931149754744584
[64, 8, 128, 16, 2, 3, 128, 1, 1, 2, 8]--1.7745255416470838
[64, 8, 128, 16, 2, 3, 128, 2, 1, 2, 16]--1.7192470890399625
[64, 8, 128, 16, 2, 3, 128, 2, 1, 2, 4]--1.7427681095143215
[64, 8, 128, 16, 2, 3, 128, 2, 1, 2, 8]--1.7185487234141144
[64, 8, 128, 16, 2, 3, 160, 2, 1, 2, 4]--1.7427681095143215
[64, 8, 128, 16, 2, 3, 160, 2, 1, 2, 8]--1.7185487234141144
[64, 8, 128, 16, 2, 3, 64, 1, 1, 1, 16]--1.7789507304705858
[64, 8, 128, 16, 2, 3, 64, 1, 1, 1, 4]--1.80522218618229
[64, 8, 128, 16, 2, 3, 64, 1, 1, 1, 8]--1.7754522827619532
[64, 8, 128, 16, 2, 3, 64, 2, 1, 1, 16]--1.7264227131008096
[64, 8, 128, 16, 2, 3, 64, 2, 1, 1, 4]--1.754969649228488
[64, 8, 128, 16, 2, 3, 64, 2, 1, 1, 8]--1.728961321797613
[64, 8, 128, 16, 2, 3, 64, 1, 1, 2, 16]--1.774863140196072
[64, 8, 128, 16, 2, 3, 64, 1, 1, 2, 4]--1.7931149754744584
[64, 8, 128, 16, 2, 3, 64, 1, 1, 2, 8]--1.7745255416470838
[64, 8, 128, 16, 2, 3, 64, 2, 1, 2, 16]--1.7192470890399625
[64, 8, 128, 16, 2, 3, 64, 2, 1, 2, 4]--1.7427681095143215
[64, 8, 128, 16, 2, 3, 64, 2, 1, 2, 8]--1.7185487234141144
[64, 8, 128, 16, 2, 3, 96, 2, 1, 2, 4]--1.7427681095143215
[64, 8, 128, 16, 2, 3, 96, 2, 1, 2, 8]--1.7185487234141144
[64, 8, 128, 16, 2, 4, 128, 1, 1, 1, 16]--1.781676342285211
[64, 8, 128, 16, 2, 4, 128, 1, 1, 1, 4]--1.8920164562743684
[64, 8, 128, 16, 2, 4, 128, 1, 1, 1, 8]--1.7815687741200925
[64, 8, 128, 16, 2, 4, 128, 2, 1, 1, 16]--1.723639179966505
[64, 8, 128, 16, 2, 4, 128, 2, 1, 1, 4]--1.840109024472585
[64, 8, 128, 16, 2, 4, 128, 2, 1, 1, 8]--1.724865457048859
[64, 8, 128, 16, 2, 4, 128, 1, 1, 2, 16]--1.7788795699921227
[64, 8, 128, 16, 2, 4, 128, 1, 1, 2, 4]--1.86595351731351
[64, 8, 128, 16, 2, 4, 128, 1, 1, 2, 8]--1.7786379553443175
[64, 8, 128, 16, 2, 4, 128, 2, 1, 2, 16]--1.7144429292962726
[64, 8, 128, 16, 2, 4, 128, 2, 1, 2, 4]--1.8080255780547705
[64, 8, 128, 16, 2, 4, 128, 2, 1, 2, 8]--1.71448595656232
[64, 8, 128, 16, 2, 4, 160, 2, 1, 2, 24]--1.7144429292962726
[64, 8, 128, 16, 2, 4, 160, 2, 1, 2, 4]--1.8080255780547705
[64, 8, 128, 16, 2, 4, 64, 1, 1, 1, 16]--1.7823945666492351
[64, 8, 128, 16, 2, 4, 64, 1, 1, 1, 4]--1.8920164562743684
[64, 8, 128, 16, 2, 4, 64, 1, 1, 1, 8]--1.7815687741200925
[64, 8, 128, 16, 2, 4, 64, 2, 1, 1, 16]--1.7230550020851676
[64, 8, 128, 16, 2, 4, 64, 2, 1, 1, 4]--1.840109024472585
[64, 8, 128, 16, 2, 4, 64, 2, 1, 1, 8]--1.7266328847465031
[64, 8, 128, 16, 2, 4, 64, 1, 1, 2, 16]--1.7788795699921227
[64, 8, 128, 16, 2, 4, 64, 1, 1, 2, 4]--1.86595351731351
[64, 8, 128, 16, 2, 4, 64, 1, 1, 2, 8]--1.7786379553443175
[64, 8, 128, 16, 2, 4, 64, 2, 1, 2, 16]--1.7144429292962726
[64, 8, 128, 16, 2, 4, 64, 2, 1, 2, 4]--1.8080255780547705
[64, 8, 128, 16, 2, 4, 64, 2, 1, 2, 8]--1.7154044232029497
[64, 8, 128, 16, 2, 4, 96, 2, 1, 2, 4]--1.8080255780547705
[64, 8, 128, 16, 2, 5, 160, 2, 1, 2, 16]--1.7153580861472062
[64, 8, 128, 16, 2, 5, 160, 2, 1, 2, 8]--1.71696995372914
[64, 8, 128, 16, 4, 3, 128, 1, 1, 1, 16]--1.7791509727471917
[64, 8, 128, 16, 4, 3, 128, 1, 1, 1, 4]--1.8076449522397346
[64, 8, 128, 16, 4, 3, 128, 1, 1, 1, 8]--1.7782705686880655
[64, 8, 128, 16, 4, 3, 128, 2, 1, 1, 16]--1.723354538052652
[64, 8, 128, 16, 4, 3, 128, 2, 1, 1, 4]--1.755595199481025
[64, 8, 128, 16, 4, 3, 128, 2, 1, 1, 8]--1.7270598476172825
[64, 8, 128, 16, 4, 3, 128, 1, 1, 2, 16]--1.7751527467944688
[64, 8, 128, 16, 4, 3, 128, 1, 1, 2, 4]--1.7924546724301138
[64, 8, 128, 16, 4, 3, 128, 1, 1, 2, 8]--1.7723559745013802
[64, 8, 128, 16, 4, 3, 128, 2, 1, 2, 16]--1.7170775218942589
[64, 8, 128, 16, 4, 3, 128, 2, 1, 2, 4]--1.7402923868217413
[64, 8, 128, 16, 4, 3, 128, 2, 1, 2, 8]--1.7168805894073491
[64, 8, 128, 16, 4, 3, 64, 1, 1, 1, 16]--1.7791509727471917
[64, 8, 128, 16, 4, 3, 64, 1, 1, 1, 4]--1.8076449522397346
[64, 8, 128, 16, 4, 3, 64, 1, 1, 1, 8]--1.7782705686880655
[64, 8, 128, 16, 4, 3, 64, 2, 1, 1, 16]--1.723354538052652
[64, 8, 128, 16, 4, 3, 64, 2, 1, 1, 4]--1.755595199481025
[64, 8, 128, 16, 4, 3, 64, 2, 1, 1, 8]--1.7270598476172825
[64, 8, 128, 16, 4, 3, 64, 1, 1, 2, 16]--1.7751527467944688
[64, 8, 128, 16, 4, 3, 64, 1, 1, 2, 4]--1.7924546724301138
[64, 8, 128, 16, 4, 3, 64, 1, 1, 2, 8]--1.7723559745013802
[64, 8, 128, 16, 4, 3, 64, 2, 1, 2, 16]--1.7170775218942589
[64, 8, 128, 16, 4, 3, 64, 2, 1, 2, 4]--1.7402923868217413
[64, 8, 128, 16, 4, 3, 64, 2, 1, 2, 8]--1.7168805894073491
[64, 8, 128, 16, 4, 3, 96, 2, 1, 2, 4]--1.7402923868217413
[64, 8, 128, 16, 4, 4, 128, 1, 1, 1, 16]--1.781606836701596
[64, 8, 128, 16, 4, 4, 128, 1, 1, 1, 4]--1.8922133887612782
[64, 8, 128, 16, 4, 4, 128, 1, 1, 1, 8]--1.7844896635267795
[64, 8, 128, 16, 4, 4, 128, 2, 1, 1, 16]--1.7258881820649117
[64, 8, 128, 16, 4, 4, 128, 2, 1, 1, 4]--1.8392766123640505
[64, 8, 128, 16, 4, 4, 128, 2, 1, 1, 8]--1.7237864656079753
[64, 8, 128, 16, 4, 4, 128, 1, 1, 2, 16]--1.7804053830419615
[64, 8, 128, 16, 4, 4, 128, 1, 1, 2, 4]--1.8656655656099612
[64, 8, 128, 16, 4, 4, 128, 1, 1, 2, 8]--1.779117874850232
[64, 8, 128, 16, 4, 4, 128, 2, 1, 2, 16]--1.7164949989077694
[64, 8, 128, 16, 4, 4, 128, 2, 1, 2, 4]--1.8041862220074536
[64, 8, 128, 16, 4, 4, 128, 2, 1, 2, 8]--1.718045635380328
[64, 8, 128, 16, 4, 4, 64, 1, 1, 1, 16]--1.7829936385842045
[64, 8, 128, 16, 4, 4, 64, 1, 1, 1, 4]--1.8922133887612782
[64, 8, 128, 16, 4, 4, 64, 1, 1, 1, 8]--1.7844896635267795
[64, 8, 128, 16, 4, 4, 64, 2, 1, 1, 16]--1.722909371338545
[64, 8, 128, 16, 4, 4, 64, 2, 1, 1, 4]--1.8392766123640505
[64, 8, 128, 16, 4, 4, 64, 2, 1, 1, 8]--1.7247562339888924
[64, 8, 128, 16, 4, 4, 64, 1, 1, 2, 16]--1.7804053830419615
[64, 8, 128, 16, 4, 4, 64, 1, 1, 2, 4]--1.8656655656099612
[64, 8, 128, 16, 4, 4, 64, 1, 1, 2, 8]--1.779117874850232
[64, 8, 128, 16, 4, 4, 64, 2, 1, 2, 16]--1.7164949989077694
[64, 8, 128, 16, 4, 4, 64, 2, 1, 2, 4]--1.8041862220074536
[64, 8, 128, 16, 4, 4, 64, 2, 1, 2, 8]--1.7155599833186599
[64, 8, 128, 16, 8, 3, 64, 2, 1, 2, 4]--1.7408401570164231
[64, 8, 128, 16, 8, 3, 96, 2, 1, 2, 4]--1.7408401570164231
[64, 8, 128, 2, 2, 3, 160, 3, 1, 1, 4]--1.8493615415676488
[64, 8, 128, 2, 8, 5, 96, 3, 2, 2, 8]--1.8003088033786334
[64, 8, 128, 4, 4, 5, 32, 5, 1, 2, 8]--1.7490451256727149
[64, 8, 128, 4, 8, 3, 64, 2, 1, 2, 8]--1.7588106601706528
[64, 8, 128, 8, 10, 5, 32, 4, 1, 1, 16]--1.7236557289149848
[64, 8, 128, 8, 10, 5, 64, 1, 2, 1, 8]--1.78694056279664
[64, 8, 2048, 2, 2, 4, 128, 2, 1, 1, 8]--1.7189508628621737
[64, 8, 2048, 2, 2, 4, 128, 2, 1, 2, 16]--1.7083462966763092
[64, 8, 2048, 2, 2, 4, 128, 2, 1, 2, 24]--1.7083462966763092
[64, 8, 2048, 2, 2, 4, 128, 2, 1, 2, 8]--1.7091092032012285
[64, 8, 2048, 2, 2, 4, 160, 1, 2, 2, 16]--1.7701202115617574
[64, 8, 2048, 2, 2, 4, 160, 2, 1, 2, 16]--1.7083462966763092
[64, 8, 2048, 2, 2, 4, 160, 2, 1, 2, 24]--1.7083462966763092
[64, 8, 2048, 2, 2, 4, 160, 2, 1, 2, 8]--1.7091092032012285
[64, 8, 2048, 2, 2, 5, 128, 2, 1, 2, 16]--1.7083462966763092
[64, 8, 2048, 2, 2, 5, 128, 2, 1, 2, 24]--1.7083462966763092
[64, 8, 2048, 2, 2, 5, 128, 2, 1, 2, 8]--1.7094964485956563
[64, 8, 2048, 2, 2, 5, 160, 2, 1, 2, 16]--1.7083462966763092
[64, 8, 2048, 2, 2, 5, 160, 2, 1, 2, 24]--1.7083462966763092
[64, 8, 2048, 2, 2, 5, 160, 2, 1, 2, 8]--1.7094964485956563
[64, 8, 2048, 2, 4, 4, 128, 2, 1, 2, 8]--1.7117586898528467
[64, 8, 256, 16, 4, 4, 128, 4, 2, 1, 4]--1.8302193728610483
[64, 8, 256, 16, 8, 3, 128, 1, 2, 1, 24]--1.7744692752222524
[64, 8, 256, 8, 2, 3, 128, 1, 1, 1, 16]--1.7791062905862962
[64, 8, 256, 8, 2, 3, 128, 1, 1, 1, 4]--1.8052701781328815
[64, 8, 256, 8, 2, 3, 128, 1, 1, 1, 8]--1.7781878239456665
[64, 8, 256, 8, 2, 3, 128, 2, 1, 1, 16]--1.7259113505927834
[64, 8, 256, 8, 2, 3, 128, 2, 1, 1, 4]--1.7567271475570443
[64, 8, 256, 8, 2, 3, 128, 2, 1, 1, 8]--1.7290887487009075
[64, 8, 256, 8, 2, 3, 128, 1, 1, 2, 16]--1.773261201983226
[64, 8, 256, 8, 2, 3, 128, 1, 1, 2, 4]--1.7903248227607618
[64, 8, 256, 8, 2, 3, 128, 1, 1, 2, 8]--1.7724105860313635
[64, 8, 256, 8, 2, 3, 128, 2, 1, 2, 16]--1.7171834351645296
[64, 8, 256, 8, 2, 3, 128, 2, 1, 2, 4]--1.7393921240244394
[64, 8, 256, 8, 2, 3, 128, 2, 1, 2, 8]--1.7158049077561612
[64, 8, 256, 8, 2, 3, 128, 3, 1, 2, 4]--1.7310481442009176
[64, 8, 256, 8, 2, 3, 160, 2, 1, 2, 4]--1.7393921240244394
[64, 8, 256, 8, 2, 3, 64, 1, 1, 1, 16]--1.7791062905862962
[64, 8, 256, 8, 2, 3, 64, 1, 1, 1, 4]--1.8052701781328815
[64, 8, 256, 8, 2, 3, 64, 1, 1, 1, 8]--1.7781878239456665
[64, 8, 256, 8, 2, 3, 64, 2, 1, 1, 16]--1.7259113505927834
[64, 8, 256, 8, 2, 3, 64, 2, 1, 1, 4]--1.7567271475570443
[64, 8, 256, 8, 2, 3, 64, 2, 1, 1, 8]--1.7290887487009075
[64, 8, 256, 8, 2, 3, 64, 1, 1, 2, 16]--1.773261201983226
[64, 8, 256, 8, 2, 3, 64, 1, 1, 2, 4]--1.7903248227607618
[64, 8, 256, 8, 2, 3, 64, 1, 1, 2, 8]--1.7724105860313635
[64, 8, 256, 8, 2, 3, 64, 2, 1, 2, 16]--1.7171834351645296
[64, 8, 256, 8, 2, 3, 64, 2, 1, 2, 4]--1.7393921240244394
[64, 8, 256, 8, 2, 3, 64, 2, 1, 2, 8]--1.7158049077561612
[64, 8, 256, 8, 2, 3, 96, 2, 1, 2, 16]--1.7171834351645296
[64, 8, 256, 8, 2, 3, 96, 2, 1, 2, 4]--1.7393921240244394
[64, 8, 256, 8, 2, 3, 96, 3, 1, 2, 16]--1.706947910529765
[64, 8, 256, 8, 2, 4, 128, 1, 1, 1, 16]--1.7823796725956034
[64, 8, 256, 8, 2, 4, 128, 1, 1, 1, 4]--1.8899544572937836
[64, 8, 256, 8, 2, 4, 128, 1, 1, 1, 8]--1.7823267159604679
[64, 8, 256, 8, 2, 4, 128, 2, 1, 1, 16]--1.724698312669213
[64, 8, 256, 8, 2, 4, 128, 2, 1, 1, 4]--1.8409728795832312
[64, 8, 256, 8, 2, 4, 128, 2, 1, 1, 8]--1.7219594616958038
[64, 8, 256, 8, 2, 4, 128, 1, 1, 2, 16]--1.777966068036037
[64, 8, 256, 8, 2, 4, 128, 1, 1, 2, 4]--1.8645948486433173
[64, 8, 256, 8, 2, 4, 128, 1, 1, 2, 8]--1.779205584277175
[64, 8, 256, 8, 2, 4, 128, 2, 1, 2, 16]--1.7121161471400108
[64, 8, 256, 8, 2, 4, 128, 2, 1, 2, 4]--1.8050467673284039
[64, 8, 256, 8, 2, 4, 128, 2, 1, 2, 8]--1.7154739287865648
[64, 8, 256, 8, 2, 4, 32, 3, 1, 1, 24]--1.7168474915103895
[64, 8, 256, 8, 2, 4, 64, 1, 1, 1, 16]--1.7823796725956034
[64, 8, 256, 8, 2, 4, 64, 1, 1, 1, 4]--1.8899544572937836
[64, 8, 256, 8, 2, 4, 64, 1, 1, 1, 8]--1.7823267159604679
[64, 8, 256, 8, 2, 4, 64, 2, 1, 1, 16]--1.722909371338545
[64, 8, 256, 8, 2, 4, 64, 2, 1, 1, 4]--1.8409728795832312
[64, 8, 256, 8, 2, 4, 64, 2, 1, 1, 8]--1.7219594616958038
[64, 8, 256, 8, 2, 4, 64, 1, 1, 2, 16]--1.777966068036037
[64, 8, 256, 8, 2, 4, 64, 1, 1, 2, 4]--1.8645948486433173
[64, 8, 256, 8, 2, 4, 64, 1, 1, 2, 8]--1.779205584277175
[64, 8, 256, 8, 2, 4, 64, 2, 1, 2, 16]--1.7134864000741392
[64, 8, 256, 8, 2, 4, 64, 2, 1, 2, 4]--1.8050467673284039
[64, 8, 256, 8, 2, 4, 64, 2, 1, 2, 8]--1.7169302362527885
[64, 8, 256, 8, 2, 4, 96, 2, 1, 2, 4]--1.8050467673284039
[64, 8, 256, 8, 4, 3, 128, 1, 1, 1, 16]--1.776981405601488
[64, 8, 256, 8, 4, 3, 128, 1, 1, 1, 4]--1.8064203300522286
[64, 8, 256, 8, 4, 3, 128, 1, 1, 1, 8]--1.7789225972581701
[64, 8, 256, 8, 4, 3, 128, 2, 1, 1, 16]--1.7250822482739447
[64, 8, 256, 8, 4, 3, 128, 2, 1, 1, 4]--1.7567321122415882
[64, 8, 256, 8, 4, 3, 128, 2, 1, 1, 8]--1.7269804126645794
[64, 8, 256, 8, 4, 3, 128, 1, 1, 2, 16]--1.7741829784135517
[64, 8, 256, 8, 4, 3, 128, 1, 1, 2, 4]--1.7928468825090853
[64, 8, 256, 8, 4, 3, 128, 1, 1, 2, 8]--1.7738867522357629
[64, 8, 256, 8, 4, 3, 128, 2, 1, 2, 16]--1.7164188737447623
[64, 8, 256, 8, 4, 3, 128, 2, 1, 2, 4]--1.7423841739095898
[64, 8, 256, 8, 4, 3, 128, 2, 1, 2, 8]--1.7159720521358073
[64, 8, 256, 8, 4, 3, 160, 2, 1, 2, 4]--1.7423841739095898
[64, 8, 256, 8, 4, 3, 64, 1, 1, 1, 16]--1.776981405601488
[64, 8, 256, 8, 4, 3, 64, 1, 1, 1, 4]--1.8064203300522286
[64, 8, 256, 8, 4, 3, 64, 1, 1, 1, 8]--1.7789225972581701
[64, 8, 256, 8, 4, 3, 64, 2, 1, 1, 16]--1.7250822482739447
[64, 8, 256, 8, 4, 3, 64, 2, 1, 1, 4]--1.7567321122415882
[64, 8, 256, 8, 4, 3, 64, 2, 1, 1, 8]--1.7269804126645794
[64, 8, 256, 8, 4, 3, 64, 1, 1, 2, 16]--1.7741829784135517
[64, 8, 256, 8, 4, 3, 64, 1, 1, 2, 4]--1.7928468825090853
[64, 8, 256, 8, 4, 3, 64, 1, 1, 2, 8]--1.7738867522357629
[64, 8, 256, 8, 4, 3, 64, 2, 1, 2, 16]--1.7164188737447623
[64, 8, 256, 8, 4, 3, 64, 2, 1, 2, 4]--1.7423841739095898
[64, 8, 256, 8, 4, 3, 64, 2, 1, 2, 8]--1.7159720521358073
[64, 8, 256, 8, 4, 3, 96, 2, 1, 2, 4]--1.7423841739095898
[64, 8, 256, 8, 4, 4, 128, 1, 1, 1, 16]--1.7805443942091919
[64, 8, 256, 8, 4, 4, 128, 1, 1, 1, 4]--1.8910284840501235
[64, 8, 256, 8, 4, 4, 128, 1, 1, 1, 8]--1.7815787034891803
[64, 8, 256, 8, 4, 4, 128, 2, 1, 1, 16]--1.7234058397929395
[64, 8, 256, 8, 4, 4, 128, 2, 1, 1, 4]--1.8406898925642265
[64, 8, 256, 8, 4, 4, 128, 2, 1, 1, 8]--1.7254595642992845
[64, 8, 256, 8, 4, 4, 128, 1, 1, 2, 16]--1.7778353313430464
[64, 8, 256, 8, 4, 4, 128, 1, 1, 2, 4]--1.8647636479178114
[64, 8, 256, 8, 4, 4, 128, 1, 1, 2, 8]--1.7780239893557164
[64, 8, 256, 8, 4, 4, 128, 2, 1, 2, 16]--1.7137594577240562
[64, 8, 256, 8, 4, 4, 128, 2, 1, 2, 4]--1.8056011571024777
[64, 8, 256, 8, 4, 4, 128, 2, 1, 2, 8]--1.7160167342967028
[64, 8, 256, 8, 4, 4, 64, 1, 1, 1, 16]--1.7812791675216957
[64, 8, 256, 8, 4, 4, 64, 1, 1, 1, 4]--1.8910284840501235
[64, 8, 256, 8, 4, 4, 64, 1, 1, 1, 8]--1.7815787034891803
[64, 8, 256, 8, 4, 4, 64, 2, 1, 1, 16]--1.7248075357291797
[64, 8, 256, 8, 4, 4, 64, 2, 1, 1, 4]--1.8406898925642265
[64, 8, 256, 8, 4, 4, 64, 2, 1, 1, 8]--1.7254595642992845
[64, 8, 256, 8, 4, 4, 64, 1, 1, 2, 16]--1.7778353313430464
[64, 8, 256, 8, 4, 4, 64, 1, 1, 2, 4]--1.8647636479178114
[64, 8, 256, 8, 4, 4, 64, 1, 1, 2, 8]--1.7780239893557164
[64, 8, 256, 8, 4, 4, 64, 2, 1, 2, 16]--1.7137594577240562
[64, 8, 256, 8, 4, 4, 64, 2, 1, 2, 4]--1.8056011571024777
[64, 8, 256, 8, 4, 4, 64, 2, 1, 2, 8]--1.7160167342967028
[64, 8, 256, 8, 4, 4, 96, 2, 1, 2, 4]--1.8056011571024777
[64, 8, 256, 8, 8, 3, 96, 2, 1, 2, 4]--1.7429220147351838
[64, 8, 256, 8, 8, 4, 64, 2, 1, 2, 4]--1.8060347395526488
[64, 8, 512, 2, 10, 5, 160, 2, 1, 2, 8]--1.7322032608048084
[64, 8, 512, 4, 10, 2, 160, 2, 1, 1, 2]--2.0097142327576507
[64, 8, 512, 4, 2, 3, 128, 1, 1, 1, 16]--1.7781778945765787
[64, 8, 512, 4, 2, 3, 128, 1, 1, 1, 4]--1.805295001555601
[64, 8, 512, 4, 2, 3, 128, 1, 1, 1, 8]--1.7778270568688066
[64, 8, 512, 4, 2, 3, 128, 2, 1, 1, 16]--1.7263201096202347
[64, 8, 512, 4, 2, 3, 128, 2, 1, 1, 4]--1.7538840382082121
[64, 8, 512, 4, 2, 3, 128, 2, 1, 1, 8]--1.726743762701318
[64, 8, 512, 4, 2, 3, 128, 1, 1, 2, 16]--1.7727117768936962
[64, 8, 512, 4, 2, 3, 128, 1, 1, 2, 4]--1.791274732403503
[64, 8, 512, 4, 2, 3, 128, 1, 1, 2, 8]--1.7737692547015562
[64, 8, 512, 4, 2, 3, 128, 2, 1, 2, 16]--1.7160581066679024
[64, 8, 512, 4, 2, 3, 128, 2, 1, 2, 4]--1.7387632639822066
[64, 8, 512, 4, 2, 3, 128, 2, 1, 2, 8]--1.7153067844069187
[64, 8, 512, 4, 2, 3, 128, 3, 1, 2, 16]--1.7051937219909048
[64, 8, 512, 4, 2, 3, 160, 2, 1, 2, 4]--1.7387632639822066
[64, 8, 512, 4, 2, 3, 64, 1, 1, 1, 16]--1.7781778945765787
[64, 8, 512, 4, 2, 3, 64, 1, 1, 1, 4]--1.805295001555601
[64, 8, 512, 4, 2, 3, 64, 1, 1, 1, 8]--1.7778270568688066
[64, 8, 512, 4, 2, 3, 64, 2, 1, 1, 16]--1.7263201096202347
[64, 8, 512, 4, 2, 3, 64, 2, 1, 1, 4]--1.7538840382082121
[64, 8, 512, 4, 2, 3, 64, 2, 1, 1, 8]--1.726743762701318
[64, 8, 512, 4, 2, 3, 64, 1, 1, 2, 16]--1.7727117768936962
[64, 8, 512, 4, 2, 3, 64, 1, 1, 2, 4]--1.791274732403503
[64, 8, 512, 4, 2, 3, 64, 1, 1, 2, 8]--1.7737692547015562
[64, 8, 512, 4, 2, 3, 64, 2, 1, 2, 16]--1.7160581066679024
[64, 8, 512, 4, 2, 3, 64, 2, 1, 2, 4]--1.7387632639822066
[64, 8, 512, 4, 2, 3, 64, 2, 1, 2, 8]--1.7153067844069187
[64, 8, 512, 4, 2, 3, 96, 3, 1, 2, 4]--1.7294743392004872
[64, 8, 512, 4, 2, 4, 128, 1, 1, 1, 16]--1.7810971290884177
[64, 8, 512, 4, 2, 4, 128, 1, 1, 1, 4]--1.8881969589652274
[64, 8, 512, 4, 2, 4, 128, 1, 1, 1, 8]--1.7835894007294777
[64, 8, 512, 4, 2, 4, 128, 2, 1, 1, 16]--1.7250971423275765
[64, 8, 512, 4, 2, 4, 128, 2, 1, 1, 4]--1.8380387510177603
[64, 8, 512, 4, 2, 4, 128, 2, 1, 1, 8]--1.723008665029424
[64, 8, 512, 4, 2, 4, 128, 1, 1, 2, 16]--1.777613575433417
[64, 8, 512, 4, 2, 4, 128, 1, 1, 2, 4]--1.8619155738844353
[64, 8, 512, 4, 2, 4, 128, 1, 1, 2, 8]--1.7747456426618653
[64, 8, 512, 4, 2, 4, 128, 2, 1, 2, 16]--1.7150668246539615
[64, 8, 512, 4, 2, 4, 128, 2, 1, 2, 4]--1.8059420654411618
[64, 8, 512, 4, 2, 4, 128, 2, 1, 2, 8]--1.7150949578663772
[64, 8, 512, 4, 2, 4, 160, 2, 1, 2, 8]--1.7150949578663772
[64, 8, 512, 4, 2, 4, 64, 1, 1, 1, 16]--1.7810971290884177
[64, 8, 512, 4, 2, 4, 64, 1, 1, 1, 4]--1.8881969589652274
[64, 8, 512, 4, 2, 4, 64, 1, 1, 1, 8]--1.7835894007294777
[64, 8, 512, 4, 2, 4, 64, 2, 1, 1, 16]--1.7246486658237736
[64, 8, 512, 4, 2, 4, 64, 2, 1, 1, 4]--1.8380387510177603
[64, 8, 512, 4, 2, 4, 64, 2, 1, 1, 8]--1.7241323386312033
[64, 8, 512, 4, 2, 4, 64, 1, 1, 2, 16]--1.777613575433417
[64, 8, 512, 4, 2, 4, 64, 1, 1, 2, 4]--1.8619155738844353
[64, 8, 512, 4, 2, 4, 64, 1, 1, 2, 8]--1.7747456426618653
[64, 8, 512, 4, 2, 4, 64, 2, 1, 2, 16]--1.7150668246539615
[64, 8, 512, 4, 2, 4, 64, 2, 1, 2, 4]--1.8059420654411618
[64, 8, 512, 4, 2, 4, 64, 2, 1, 2, 8]--1.7150949578663772
[64, 8, 512, 4, 2, 5, 64, 2, 1, 2, 16]--1.7145984894119828
[64, 8, 512, 4, 4, 3, 128, 1, 1, 1, 16]--1.7786363004494694
[64, 8, 512, 4, 4, 3, 128, 1, 1, 1, 4]--1.804502306923418
[64, 8, 512, 4, 4, 3, 128, 1, 1, 1, 8]--1.777353756942284
[64, 8, 512, 4, 4, 3, 128, 2, 1, 1, 16]--1.7230814804027352
[64, 8, 512, 4, 4, 3, 128, 2, 1, 1, 4]--1.7550374999172553
[64, 8, 512, 4, 4, 3, 128, 2, 1, 1, 8]--1.7271012199884819
[64, 8, 512, 4, 4, 3, 128, 1, 1, 2, 16]--1.7727730080030715
[64, 8, 512, 4, 4, 3, 128, 1, 1, 2, 4]--1.790559817829175
[64, 8, 512, 4, 4, 3, 128, 1, 1, 2, 8]--1.7726472359946248
[64, 8, 512, 4, 4, 3, 128, 2, 1, 2, 16]--1.717588884402285
[64, 8, 512, 4, 4, 3, 128, 2, 1, 2, 4]--1.7392944852284087
[64, 8, 512, 4, 4, 3, 128, 2, 1, 2, 8]--1.714567046409871
[64, 8, 512, 4, 4, 3, 64, 1, 1, 1, 16]--1.7786363004494694
[64, 8, 512, 4, 4, 3, 64, 1, 1, 1, 4]--1.804502306923418
[64, 8, 512, 4, 4, 3, 64, 1, 1, 1, 8]--1.777353756942284
[64, 8, 512, 4, 4, 3, 64, 2, 1, 1, 16]--1.7230814804027352
[64, 8, 512, 4, 4, 3, 64, 2, 1, 1, 4]--1.7550374999172553
[64, 8, 512, 4, 4, 3, 64, 2, 1, 1, 8]--1.7271012199884819
[64, 8, 512, 4, 4, 3, 64, 1, 1, 2, 16]--1.7727730080030715
[64, 8, 512, 4, 4, 3, 64, 1, 1, 2, 4]--1.790559817829175
[64, 8, 512, 4, 4, 3, 64, 1, 1, 2, 8]--1.7726472359946248
[64, 8, 512, 4, 4, 3, 64, 2, 1, 2, 16]--1.717588884402285
[64, 8, 512, 4, 4, 3, 64, 2, 1, 2, 4]--1.7392944852284087
[64, 8, 512, 4, 4, 3, 64, 2, 1, 2, 8]--1.714567046409871
[64, 8, 512, 4, 4, 3, 96, 2, 1, 2, 4]--1.7392944852284087
[64, 8, 512, 4, 4, 4, 128, 1, 1, 1, 16]--1.7828777959448456
[64, 8, 512, 4, 4, 4, 128, 1, 1, 1, 4]--1.8915299171890618
[64, 8, 512, 4, 4, 4, 128, 1, 1, 1, 8]--1.781874929666969
[64, 8, 512, 4, 4, 4, 128, 2, 1, 1, 16]--1.7224228322532387
[64, 8, 512, 4, 4, 4, 128, 2, 1, 1, 4]--1.8375538668273017
[64, 8, 512, 4, 4, 4, 128, 2, 1, 1, 8]--1.7256382929428664
[64, 8, 512, 4, 4, 4, 128, 1, 1, 2, 16]--1.7753132715947229
[64, 8, 512, 4, 4, 4, 128, 1, 1, 2, 4]--1.8644707315297187
[64, 8, 512, 4, 4, 4, 128, 1, 1, 2, 8]--1.776541203571925
[64, 8, 512, 4, 4, 4, 128, 2, 1, 2, 16]--1.7120681551894192
[64, 8, 512, 4, 4, 4, 128, 2, 1, 2, 4]--1.8059056577545063
[64, 8, 512, 4, 4, 4, 128, 2, 1, 2, 8]--1.7153167137760066
[64, 8, 512, 4, 4, 4, 64, 1, 1, 1, 16]--1.7828777959448456
[64, 8, 512, 4, 4, 4, 64, 1, 1, 1, 4]--1.8915299171890618
[64, 8, 512, 4, 4, 4, 64, 1, 1, 1, 8]--1.781874929666969
[64, 8, 512, 4, 4, 4, 64, 2, 1, 1, 16]--1.720431993751117
[64, 8, 512, 4, 4, 4, 64, 2, 1, 1, 4]--1.8375538668273017
[64, 8, 512, 4, 4, 4, 64, 2, 1, 1, 8]--1.7255207954086598
[64, 8, 512, 4, 4, 4, 64, 1, 1, 2, 16]--1.7753132715947229
[64, 8, 512, 4, 4, 4, 64, 1, 1, 2, 4]--1.8644707315297187
[64, 8, 512, 4, 4, 4, 64, 1, 1, 2, 8]--1.776541203571925
[64, 8, 512, 4, 4, 4, 64, 2, 1, 2, 16]--1.7120681551894192
[64, 8, 512, 4, 4, 4, 64, 2, 1, 2, 4]--1.8059056577545063
[64, 8, 512, 4, 4, 4, 64, 2, 1, 2, 8]--1.7153249882502466
[64, 8, 512, 4, 8, 3, 64, 2, 1, 2, 4]--1.7427019137204023
[64, 8, 512, 4, 8, 3, 64, 2, 1, 2, 8]--1.7164155639550662
[64, 8, 512, 8, 2, 2, 96, 2, 1, 2, 8]--1.8760152779892365
[16, 8, 128, 4, 2, 3, 32, 3, 1, 2, 4]--1.810979565358417
[32, 16, 256, 2, 2, 2, 128, 2, 1, 2, 16]--1.9369336122382783
[64, 8, 128, 2, 2, 5, 160, 1, 1, 1, 24]--1.8689554965677482
