[16, 16, 2048, 16, 10, 5, 32, 5, 2, 2, 8]--1.0092394658259571
[16, 2, 1024, 2, 10, 4, 128, 4, 1, 1, 16]--1.1320244466831886
[16, 2, 1024, 2, 10, 5, 96, 5, 1, 2, 24]--1.1306922516432039
[16, 2, 1024, 4, 10, 2, 160, 1, 2, 2, 16]--1.199065202960065
[16, 2, 128, 16, 2, 3, 128, 1, 2, 1, 8]--1.170494592478674
[16, 2, 128, 16, 2, 4, 64, 4, 1, 1, 4]--1.2036615772496049
[16, 2, 128, 2, 2, 1, 32, 1, 1, 1, 2]--1.302591375544124
[16, 2, 128, 2, 2, 1, 64, 1, 1, 1, 2]--1.302591375544124
[16, 2, 128, 2, 2, 1, 96, 1, 1, 1, 2]--1.302591375544124
[16, 2, 128, 2, 2, 2, 32, 2, 1, 1, 2]--1.300487592426682
[16, 2, 128, 2, 2, 4, 160, 4, 2, 2, 4]--1.2130494833599947
[16, 2, 128, 2, 2, 5, 32, 5, 1, 1, 8]--1.1557997578238202
[16, 2, 128, 2, 8, 2, 64, 2, 1, 1, 8]--1.197937207499173
[16, 2, 128, 4, 2, 1, 128, 1, 1, 1, 2]--1.2953471882622163
[16, 2, 128, 4, 2, 1, 32, 1, 1, 1, 8]--1.2596017128652517
[16, 2, 128, 4, 8, 4, 96, 4, 1, 1, 24]--1.1367338465700123
[16, 2, 128, 4, 8, 5, 160, 5, 1, 1, 16]--1.1342058407107651
[16, 2, 128, 8, 2, 1, 128, 1, 1, 1, 2]--1.2956953071018504
[16, 2, 128, 8, 2, 3, 128, 1, 1, 1, 4]--1.1940340568729735
[16, 2, 128, 8, 4, 1, 96, 1, 1, 1, 2]--1.2938552503780707
[16, 2, 128, 8, 4, 1, 96, 1, 1, 1, 4]--1.2602278746742037
[16, 2, 128, 8, 4, 2, 32, 1, 1, 1, 2]--1.3007837194915657
[16, 2, 128, 8, 4, 4, 128, 3, 1, 2, 4]--1.2006513288419474
[16, 2, 2048, 2, 10, 5, 128, 1, 2, 1, 16]--1.1603712664819577
[16, 2, 2048, 2, 10, 5, 160, 5, 1, 1, 8]--1.1331735402555734
[16, 2, 2048, 2, 2, 4, 160, 2, 1, 2, 24]--1.148050722874045
[16, 2, 2048, 2, 6, 2, 160, 1, 1, 2, 4]--1.214901596147485
[16, 2, 2048, 4, 4, 5, 32, 1, 1, 1, 8]--1.1673148056750906
[16, 2, 2048, 8, 10, 5, 64, 5, 2, 1, 16]--1.1300389636909036
[16, 2, 256, 16, 4, 4, 96, 1, 1, 1, 24]--1.1629911998269955
[16, 2, 256, 16, 6, 3, 32, 3, 1, 1, 4]--1.1618360782227555
[16, 2, 256, 2, 2, 2, 32, 2, 1, 1, 2]--1.295077433836699
[16, 2, 256, 2, 2, 5, 96, 4, 2, 2, 24]--1.143745954625497
[16, 2, 256, 4, 10, 4, 160, 4, 2, 1, 24]--1.1337499708017207
[16, 2, 256, 4, 4, 5, 32, 5, 1, 1, 8]--1.1408404432713224
[16, 2, 256, 8, 8, 4, 32, 1, 1, 1, 4]--1.2158630672283788
[16, 2, 512, 2, 4, 2, 160, 1, 1, 2, 2]--1.3025273277056633
[16, 2, 512, 2, 4, 4, 64, 4, 1, 1, 4]--1.200890189604207
[16, 2, 512, 2, 8, 3, 160, 3, 1, 1, 4]--1.1624253183365947
[16, 2, 512, 2, 8, 4, 128, 4, 1, 1, 16]--1.1328246679119576
[16, 2, 512, 4, 4, 1, 64, 1, 1, 1, 2]--1.2921794575223433
[16, 2, 512, 8, 6, 2, 64, 1, 1, 1, 4]--1.2134895296854196
[16, 4, 1024, 2, 8, 4, 128, 4, 1, 1, 8]--1.029400218365454
[16, 4, 1024, 8, 10, 2, 160, 1, 1, 1, 2]--1.1672100686216076
[16, 4, 1024, 8, 10, 2, 32, 2, 2, 2, 2]--1.1461722374471888
[16, 4, 128, 16, 8, 4, 64, 3, 2, 1, 4]--1.0709401393831666
[16, 4, 128, 2, 2, 4, 96, 1, 1, 1, 4]--1.110128374473395
[16, 4, 128, 2, 4, 1, 32, 1, 1, 1, 2]--1.1508838978459581
[16, 4, 128, 2, 6, 4, 160, 2, 1, 2, 8]--1.0413831921894792
[16, 4, 128, 4, 10, 4, 96, 3, 1, 2, 16]--1.0317782769323045
[16, 4, 128, 8, 6, 4, 32, 1, 1, 1, 4]--1.098665318396875
[16, 4, 128, 8, 6, 5, 160, 5, 1, 1, 16]--1.0281772814028436
[16, 4, 128, 8, 8, 2, 32, 2, 1, 1, 2]--1.1496006805647965
[16, 4, 2048, 2, 10, 2, 160, 1, 2, 1, 4]--1.1069779743251054
[16, 4, 2048, 2, 2, 3, 32, 3, 1, 1, 4]--1.0406628423827906
[16, 4, 2048, 2, 4, 3, 160, 3, 1, 1, 4]--1.0413462704943663
[16, 4, 256, 2, 6, 5, 128, 2, 1, 1, 24]--1.0336326502317401
[16, 4, 512, 2, 10, 2, 128, 2, 1, 2, 2]--1.1480605184258097
[16, 4, 512, 2, 10, 4, 128, 4, 1, 2, 4]--1.0690134297014693
[16, 4, 512, 2, 4, 3, 32, 2, 2, 2, 4]--1.0410373338617909
[16, 4, 512, 4, 2, 5, 32, 3, 2, 1, 8]--1.033674846454726
[16, 4, 512, 4, 8, 2, 64, 1, 1, 1, 2]--1.1665613016931988
[16, 4, 512, 8, 6, 3, 32, 1, 1, 1, 4]--1.0729941912378036
[16, 8, 1024, 2, 2, 5, 128, 5, 1, 1, 8]--1.014017434575133
[16, 8, 128, 16, 10, 5, 160, 2, 1, 2, 24]--1.0143670604227308
[16, 8, 128, 2, 8, 4, 96, 4, 1, 1, 8]--1.026105898956623
[16, 8, 128, 4, 2, 3, 128, 3, 1, 1, 4]--1.0275586546337103
[16, 8, 128, 8, 8, 3, 128, 3, 1, 1, 8]--1.0150173343591034
[16, 8, 2048, 2, 6, 3, 96, 3, 2, 1, 4]--1.022310499399834
[16, 8, 2048, 2, 8, 2, 32, 1, 1, 1, 24]--1.0874011873715748
[16, 8, 256, 2, 10, 3, 32, 1, 2, 2, 16]--1.0483900257170908
[16, 8, 256, 4, 2, 4, 32, 4, 1, 1, 24]--1.0162093776584562
[16, 8, 256, 4, 8, 3, 128, 3, 1, 1, 16]--1.013780834324819
[16, 8, 256, 8, 2, 3, 32, 1, 2, 1, 16]--1.0463668675257114
[16, 8, 512, 2, 4, 2, 96, 1, 2, 1, 2]--1.1482948581641779
[16, 8, 512, 2, 6, 4, 32, 4, 1, 1, 16]--1.0160820354855165
[16, 8, 512, 4, 4, 5, 96, 1, 2, 1, 8]--1.0455018449544997
[32, 16, 1024, 8, 10, 4, 96, 4, 2, 2, 24]--1.0038044416045717
[32, 16, 128, 2, 4, 3, 160, 1, 1, 2, 24]--1.0509858469347082
[32, 16, 128, 4, 8, 3, 160, 3, 1, 2, 4]--1.0177269346779863
[32, 16, 512, 16, 8, 5, 160, 1, 2, 2, 8]--1.0351147925641213
[32, 16, 512, 4, 6, 4, 64, 3, 2, 1, 8]--1.004769680205375
[32, 16, 512, 8, 4, 2, 128, 1, 1, 1, 4]--1.081548721944221
[32, 2, 1024, 2, 2, 4, 128, 4, 1, 1, 16]--1.0351954174901836
[32, 2, 1024, 2, 4, 4, 64, 4, 1, 1, 8]--1.0346913233262982
[32, 2, 128, 16, 8, 4, 160, 1, 1, 2, 24]--1.066780043899142
[32, 2, 128, 2, 10, 4, 96, 4, 1, 1, 16]--1.0456864534300632
[32, 2, 128, 2, 2, 1, 32, 1, 1, 1, 4]--1.1391473198240116
[32, 2, 128, 2, 6, 3, 64, 3, 1, 1, 8]--1.0460315582537696
[32, 2, 128, 2, 8, 3, 32, 3, 1, 1, 4]--1.0573898772768064
[32, 2, 128, 2, 8, 5, 160, 5, 1, 1, 24]--1.0443037736232916
[32, 2, 128, 4, 10, 4, 128, 4, 1, 2, 24]--1.036572822769082
[32, 2, 128, 4, 10, 4, 64, 4, 2, 1, 16]--1.0379555025758533
[32, 2, 128, 4, 2, 4, 128, 4, 1, 1, 8]--1.0398603606420758
[32, 2, 128, 4, 4, 2, 32, 2, 2, 1, 8]--1.0994421810022055
[32, 2, 128, 4, 4, 4, 128, 4, 1, 1, 16]--1.0381589486509641
[32, 2, 128, 4, 6, 4, 128, 4, 1, 1, 16]--1.0373112566713358
[32, 2, 2048, 2, 6, 5, 160, 1, 1, 2, 8]--1.0663166389502785
[32, 2, 2048, 4, 4, 2, 64, 1, 1, 2, 2]--1.1746064637078575
[32, 2, 2048, 4, 8, 2, 128, 2, 1, 2, 2]--1.156073279769247
[32, 2, 2048, 4, 8, 3, 128, 2, 1, 1, 24]--1.0363045753515285
[32, 2, 256, 16, 8, 2, 96, 1, 1, 2, 4]--1.1101253604574672
[32, 2, 256, 2, 8, 1, 32, 1, 1, 1, 16]--1.127458966056906
[32, 2, 256, 2, 8, 4, 160, 1, 1, 1, 24]--1.0698950293602827
[32, 2, 256, 2, 8, 4, 64, 4, 1, 1, 16]--1.0371070570922432
[32, 2, 256, 2, 8, 5, 160, 5, 1, 1, 8]--1.0369849894471768
[32, 2, 256, 4, 4, 2, 64, 2, 2, 1, 2]--1.1576639266750206
[32, 2, 256, 4, 6, 2, 160, 1, 2, 2, 8]--1.1034952789208015
[32, 2, 256, 8, 2, 3, 128, 3, 1, 1, 4]--1.047079682292581
[32, 2, 256, 8, 8, 2, 96, 2, 1, 1, 16]--1.0932144705918698
[32, 2, 512, 4, 4, 2, 32, 1, 2, 2, 16]--1.1046315629254944
[32, 2, 512, 4, 4, 5, 160, 5, 1, 1, 24]--1.032798521323786
[32, 2, 512, 8, 2, 3, 32, 3, 1, 2, 8]--1.034085506124857
[32, 2, 512, 8, 2, 4, 128, 4, 1, 1, 4]--1.0781933687128569
[32, 2, 512, 8, 4, 4, 128, 4, 1, 1, 8]--1.0341472934513722
[32, 2, 512, 8, 6, 4, 32, 1, 1, 1, 24]--1.069543896504721
[32, 4, 1024, 2, 10, 5, 128, 5, 1, 2, 8]--1.0123974010140657
[32, 4, 1024, 2, 6, 4, 128, 4, 1, 1, 16]--1.013104941253062
[32, 4, 1024, 4, 8, 2, 96, 2, 1, 2, 24]--1.0755365136727064
[32, 4, 1024, 4, 8, 3, 128, 3, 1, 1, 16]--1.0128856715943315
[32, 4, 128, 16, 2, 4, 32, 4, 1, 1, 16]--1.0156254120724901
[32, 4, 128, 16, 4, 2, 96, 2, 1, 1, 4]--1.0801728236732866
[32, 4, 128, 2, 4, 4, 128, 4, 1, 1, 16]--1.0255302219144578
[32, 4, 128, 2, 6, 4, 96, 4, 1, 1, 16]--1.0250540073979022
[32, 4, 128, 4, 6, 2, 128, 2, 1, 1, 16]--1.0805993069270374
[32, 4, 128, 4, 6, 4, 128, 4, 1, 1, 4]--1.055450358027417
[32, 4, 128, 8, 4, 3, 96, 3, 1, 2, 8]--1.0137439126297063
[32, 4, 128, 8, 6, 4, 128, 4, 1, 1, 8]--1.0142148526183887
[32, 4, 128, 8, 8, 5, 96, 5, 1, 2, 8]--1.0137152794783943
[32, 4, 256, 16, 2, 3, 128, 3, 1, 2, 16]--1.0127530548935186
[32, 4, 256, 2, 4, 3, 96, 1, 1, 1, 16]--1.0492136055692987
[32, 4, 256, 4, 2, 5, 128, 1, 1, 1, 16]--1.0468860317692348
[32, 4, 256, 4, 2, 5, 128, 1, 1, 1, 24]--1.0468860317692348
[32, 4, 256, 4, 2, 5, 128, 1, 1, 2, 16]--1.0468332864905026
[32, 4, 256, 4, 2, 5, 128, 1, 1, 2, 24]--1.0468332864905026
[32, 4, 256, 4, 2, 5, 96, 1, 1, 1, 16]--1.0468860317692348
[32, 4, 256, 4, 2, 5, 96, 1, 1, 1, 24]--1.0468860317692348
[32, 4, 256, 4, 2, 5, 96, 1, 1, 2, 16]--1.0468332864905026
[32, 4, 256, 4, 2, 5, 96, 1, 1, 2, 24]--1.0468332864905026
[32, 4, 256, 4, 4, 2, 64, 1, 2, 2, 4]--1.0912101500000377
[32, 4, 256, 4, 4, 2, 64, 2, 2, 2, 4]--1.0800582910680392
[32, 4, 256, 4, 6, 2, 32, 1, 1, 2, 16]--1.0883219692374464
[32, 4, 256, 4, 6, 2, 96, 2, 1, 1, 16]--1.077482814457933
[32, 4, 256, 4, 8, 5, 128, 4, 1, 2, 16]--1.01259029803343
[32, 4, 256, 4, 8, 5, 96, 5, 2, 2, 8]--1.0128570384430196
[32, 4, 256, 8, 10, 4, 32, 4, 1, 2, 24]--1.0141786844272578
[32, 4, 256, 8, 2, 2, 96, 2, 1, 2, 2]--1.1249279461817316
[32, 4, 256, 8, 2, 3, 96, 3, 1, 1, 8]--1.0139774988640928
[32, 4, 256, 8, 8, 3, 128, 3, 1, 1, 4]--1.0214899335635539
[32, 4, 512, 16, 2, 2, 96, 1, 1, 1, 16]--1.087753073731118
[32, 4, 512, 2, 2, 4, 128, 4, 1, 1, 16]--1.01399633646364
[32, 4, 512, 2, 8, 3, 96, 3, 2, 1, 16]--1.0131622075556859
[32, 4, 512, 8, 2, 5, 160, 3, 1, 2, 24]--1.0123996615260114
[32, 8, 1024, 2, 2, 3, 128, 3, 1, 1, 16]--1.0088604533230656
[32, 8, 1024, 2, 2, 3, 32, 3, 1, 1, 8]--1.0092515218896674
[32, 8, 1024, 2, 6, 3, 64, 3, 1, 1, 16]--1.0086441976802627
[32, 8, 1024, 2, 8, 4, 32, 3, 1, 1, 8]--1.0096124502969936
[32, 8, 1024, 2, 8, 4, 32, 4, 1, 1, 8]--1.0097623975893901
[32, 8, 1024, 4, 10, 2, 128, 2, 1, 1, 2]--1.117411743962361
[32, 8, 128, 2, 4, 5, 160, 1, 1, 1, 24]--1.05269931498953
[32, 8, 128, 2, 4, 5, 64, 4, 1, 1, 24]--1.021015226054962
[32, 8, 128, 2, 6, 3, 32, 3, 1, 1, 16]--1.0218712065783913
[32, 8, 128, 2, 6, 4, 64, 4, 1, 1, 16]--1.0207213595020244
[32, 8, 128, 4, 2, 3, 64, 3, 1, 1, 16]--1.0134658696603882
[32, 8, 128, 8, 4, 4, 160, 2, 2, 1, 16]--1.0105904984654892
[32, 8, 2048, 2, 10, 2, 64, 1, 1, 1, 2]--1.1395753100857262
[32, 8, 2048, 2, 4, 4, 128, 2, 1, 2, 4]--1.0427794350679247
[32, 8, 256, 16, 6, 2, 64, 2, 1, 2, 4]--1.0735367141047656
[32, 8, 256, 4, 4, 2, 64, 2, 1, 1, 16]--1.0726121647189844
[32, 8, 256, 8, 8, 4, 96, 4, 1, 1, 16]--1.00668358031938
[32, 8, 512, 2, 2, 3, 96, 1, 1, 1, 24]--1.04027629484008
[32, 8, 512, 2, 6, 3, 96, 3, 1, 1, 16]--1.0080421479987312
[32, 8, 512, 2, 6, 4, 96, 4, 1, 1, 16]--1.0077045782148435
[32, 8, 512, 2, 8, 3, 128, 3, 1, 1, 8]--1.0083895133343832
[32, 8, 512, 4, 2, 3, 128, 3, 1, 1, 16]--1.008126540444703
[32, 8, 512, 4, 6, 3, 160, 3, 1, 1, 4]--1.0152810607527656
[32, 8, 512, 4, 6, 3, 32, 3, 1, 1, 16]--1.0074657174525838
[32, 8, 512, 4, 6, 4, 64, 4, 1, 1, 16]--1.0070844444377467
[64, 16, 128, 2, 2, 5, 160, 1, 1, 1, 24]--1.0519224523841997
[64, 16, 128, 2, 2, 5, 32, 1, 1, 1, 24]--1.05483022425032
[64, 2, 1024, 2, 2, 4, 32, 4, 2, 1, 8]--1.0195127391150698
[64, 2, 1024, 4, 4, 4, 64, 4, 1, 1, 16]--1.014561464450059
[64, 2, 128, 2, 10, 2, 32, 1, 1, 2, 2]--1.1623085252194014
[64, 2, 128, 2, 10, 5, 32, 5, 2, 1, 24]--1.0309976468070645
[64, 2, 128, 2, 4, 2, 64, 1, 1, 1, 24]--1.100530994256039
[64, 2, 128, 4, 2, 4, 64, 4, 1, 2, 8]--1.02044482354067
[64, 2, 2048, 2, 8, 5, 160, 3, 1, 2, 8]--1.014651131423904
[64, 2, 256, 16, 2, 2, 128, 1, 1, 2, 8]--1.0898319912171577
[64, 2, 256, 2, 10, 4, 64, 4, 1, 1, 24]--1.0188669862025885
[64, 2, 256, 2, 10, 5, 32, 5, 1, 1, 24]--1.0213452607990308
[64, 2, 256, 4, 4, 4, 32, 4, 1, 1, 4]--1.053437748891784
[64, 2, 256, 4, 4, 5, 64, 1, 2, 2, 16]--1.0476033675599958
[64, 2, 256, 8, 10, 5, 96, 2, 1, 1, 16]--1.0166855921750118
[64, 2, 256, 8, 2, 4, 128, 1, 1, 1, 16]--1.0486138163997127
[64, 2, 256, 8, 2, 4, 128, 1, 1, 1, 24]--1.0486138163997127
[64, 2, 256, 8, 2, 4, 128, 1, 1, 1, 8]--1.049336426718347
[64, 2, 256, 8, 2, 4, 128, 1, 2, 1, 16]--1.0486138163997127
[64, 2, 256, 8, 2, 4, 128, 1, 2, 1, 24]--1.0486138163997127
[64, 2, 256, 8, 2, 4, 128, 1, 2, 1, 8]--1.049336426718347
[64, 2, 256, 8, 2, 4, 128, 2, 1, 1, 16]--1.0186499770558037
[64, 2, 256, 8, 2, 4, 128, 2, 1, 1, 24]--1.0186499770558037
[64, 2, 256, 8, 2, 4, 128, 2, 1, 1, 8]--1.0186318929602383
[64, 2, 256, 8, 2, 4, 128, 2, 2, 1, 16]--1.0186499770558037
[64, 2, 256, 8, 2, 4, 128, 2, 2, 1, 24]--1.0186499770558037
[64, 2, 256, 8, 2, 4, 128, 2, 2, 1, 8]--1.0186318929602383
[64, 2, 256, 8, 2, 4, 128, 1, 1, 2, 16]--1.048633407503242
[64, 2, 256, 8, 2, 4, 128, 1, 1, 2, 24]--1.048633407503242
[64, 2, 256, 8, 2, 4, 128, 1, 1, 2, 8]--1.0489438511437814
[64, 2, 256, 8, 2, 4, 128, 1, 2, 2, 16]--1.048633407503242
[64, 2, 256, 8, 2, 4, 128, 1, 2, 2, 24]--1.048633407503242
[64, 2, 256, 8, 2, 4, 128, 1, 2, 2, 8]--1.0489438511437814
[64, 2, 256, 8, 2, 4, 128, 2, 1, 2, 16]--1.0180298432787067
[64, 2, 256, 8, 2, 4, 128, 2, 1, 2, 24]--1.0180298432787067
[64, 2, 256, 8, 2, 4, 128, 2, 1, 2, 8]--1.0180652579658558
[64, 2, 256, 8, 2, 4, 128, 2, 2, 2, 16]--1.0180298432787067
[64, 2, 256, 8, 2, 4, 128, 2, 2, 2, 24]--1.0180298432787067
[64, 2, 256, 8, 2, 4, 128, 2, 2, 2, 8]--1.0180652579658558
[64, 2, 256, 8, 2, 4, 128, 4, 1, 2, 8]--1.0155063584433512
[64, 2, 256, 8, 2, 4, 160, 1, 1, 1, 16]--1.0486138163997127
[64, 2, 256, 8, 2, 4, 160, 1, 1, 1, 24]--1.0486138163997127
[64, 2, 256, 8, 2, 4, 160, 1, 1, 1, 8]--1.049336426718347
[64, 2, 256, 8, 2, 4, 160, 1, 2, 1, 16]--1.0486138163997127
[64, 2, 256, 8, 2, 4, 160, 1, 2, 1, 24]--1.0486138163997127
[64, 2, 256, 8, 2, 4, 160, 1, 2, 1, 8]--1.049336426718347
[64, 2, 256, 8, 2, 4, 160, 2, 1, 1, 16]--1.0186499770558037
[64, 2, 256, 8, 2, 4, 160, 2, 1, 1, 24]--1.0186499770558037
[64, 2, 256, 8, 2, 4, 160, 2, 1, 1, 8]--1.0186318929602383
[64, 2, 256, 8, 2, 4, 160, 2, 2, 1, 16]--1.0186499770558037
[64, 2, 256, 8, 2, 4, 160, 2, 2, 1, 24]--1.0186499770558037
[64, 2, 256, 8, 2, 4, 160, 2, 2, 1, 8]--1.0186318929602383
[64, 2, 256, 8, 2, 4, 160, 1, 1, 2, 16]--1.048633407503242
[64, 2, 256, 8, 2, 4, 160, 1, 1, 2, 24]--1.048633407503242
[64, 2, 256, 8, 2, 4, 160, 1, 1, 2, 8]--1.0489438511437814
[64, 2, 256, 8, 2, 4, 160, 1, 2, 2, 16]--1.048633407503242
[64, 2, 256, 8, 2, 4, 160, 1, 2, 2, 24]--1.048633407503242
[64, 2, 256, 8, 2, 4, 160, 1, 2, 2, 8]--1.0489438511437814
[64, 2, 256, 8, 2, 4, 160, 2, 1, 2, 16]--1.0180298432787067
[64, 2, 256, 8, 2, 4, 160, 2, 1, 2, 24]--1.0180298432787067
[64, 2, 256, 8, 2, 4, 160, 2, 1, 2, 8]--1.0180652579658558
[64, 2, 256, 8, 2, 4, 160, 2, 2, 2, 16]--1.0180298432787067
[64, 2, 256, 8, 2, 4, 160, 2, 2, 2, 24]--1.0180298432787067
[64, 2, 256, 8, 2, 4, 160, 2, 2, 2, 8]--1.0180652579658558
[64, 2, 256, 8, 2, 4, 64, 1, 1, 1, 16]--1.048611555887767
[64, 2, 256, 8, 2, 4, 64, 1, 1, 1, 24]--1.048611555887767
[64, 2, 256, 8, 2, 4, 64, 1, 1, 1, 8]--1.049336426718347
[64, 2, 256, 8, 2, 4, 64, 1, 2, 1, 16]--1.048611555887767
[64, 2, 256, 8, 2, 4, 64, 1, 2, 1, 24]--1.048611555887767
[64, 2, 256, 8, 2, 4, 64, 1, 2, 1, 8]--1.049336426718347
[64, 2, 256, 8, 2, 4, 64, 2, 1, 1, 16]--1.0186447025279306
[64, 2, 256, 8, 2, 4, 64, 2, 1, 1, 24]--1.0186447025279306
[64, 2, 256, 8, 2, 4, 64, 2, 1, 1, 8]--1.0186522375677494
[64, 2, 256, 8, 2, 4, 64, 2, 2, 1, 16]--1.0186447025279306
[64, 2, 256, 8, 2, 4, 64, 2, 2, 1, 24]--1.0186447025279306
[64, 2, 256, 8, 2, 4, 64, 2, 2, 1, 8]--1.0186522375677494
[64, 2, 256, 8, 2, 4, 64, 1, 1, 2, 16]--1.048633407503242
[64, 2, 256, 8, 2, 4, 64, 1, 1, 2, 24]--1.048633407503242
[64, 2, 256, 8, 2, 4, 64, 1, 1, 2, 8]--1.0489438511437814
[64, 2, 256, 8, 2, 4, 64, 1, 2, 2, 16]--1.048633407503242
[64, 2, 256, 8, 2, 4, 64, 1, 2, 2, 24]--1.048633407503242
[64, 2, 256, 8, 2, 4, 64, 1, 2, 2, 8]--1.0489438511437814
[64, 2, 256, 8, 2, 4, 64, 2, 1, 2, 16]--1.0180381318225076
[64, 2, 256, 8, 2, 4, 64, 2, 1, 2, 24]--1.0180381318225076
[64, 2, 256, 8, 2, 4, 64, 2, 1, 2, 8]--1.018084849069385
[64, 2, 256, 8, 2, 4, 64, 2, 2, 2, 16]--1.0180381318225076
[64, 2, 256, 8, 2, 4, 64, 2, 2, 2, 24]--1.0180381318225076
[64, 2, 256, 8, 2, 4, 64, 2, 2, 2, 8]--1.018084849069385
[64, 2, 256, 8, 2, 4, 96, 1, 1, 1, 16]--1.0486138163997127
[64, 2, 256, 8, 2, 4, 96, 1, 1, 1, 24]--1.0486138163997127
[64, 2, 256, 8, 2, 4, 96, 1, 1, 1, 8]--1.049336426718347
[64, 2, 256, 8, 2, 4, 96, 1, 2, 1, 16]--1.0486138163997127
[64, 2, 256, 8, 2, 4, 96, 1, 2, 1, 24]--1.0486138163997127
[64, 2, 256, 8, 2, 4, 96, 1, 2, 1, 8]--1.049336426718347
[64, 2, 256, 8, 2, 4, 96, 2, 1, 1, 16]--1.0186499770558037
[64, 2, 256, 8, 2, 4, 96, 2, 1, 1, 24]--1.0186499770558037
[64, 2, 256, 8, 2, 4, 96, 2, 1, 1, 8]--1.0186318929602383
[64, 2, 256, 8, 2, 4, 96, 2, 2, 1, 16]--1.0186499770558037
[64, 2, 256, 8, 2, 4, 96, 2, 2, 1, 24]--1.0186499770558037
[64, 2, 256, 8, 2, 4, 96, 2, 2, 1, 8]--1.0186318929602383
[64, 2, 256, 8, 2, 4, 96, 1, 1, 2, 16]--1.048633407503242
[64, 2, 256, 8, 2, 4, 96, 1, 1, 2, 24]--1.048633407503242
[64, 2, 256, 8, 2, 4, 96, 1, 1, 2, 8]--1.0489438511437814
[64, 2, 256, 8, 2, 4, 96, 1, 2, 2, 16]--1.048633407503242
[64, 2, 256, 8, 2, 4, 96, 1, 2, 2, 24]--1.048633407503242
[64, 2, 256, 8, 2, 4, 96, 1, 2, 2, 8]--1.0489438511437814
[64, 2, 256, 8, 2, 4, 96, 2, 1, 2, 16]--1.0180298432787067
[64, 2, 256, 8, 2, 4, 96, 2, 1, 2, 24]--1.0180298432787067
[64, 2, 256, 8, 2, 4, 96, 2, 1, 2, 8]--1.0180652579658558
[64, 2, 256, 8, 2, 4, 96, 2, 2, 2, 16]--1.0180298432787067
[64, 2, 256, 8, 2, 4, 96, 2, 2, 2, 24]--1.0180298432787067
[64, 2, 256, 8, 2, 4, 96, 2, 2, 2, 8]--1.0180652579658558
[64, 2, 256, 8, 2, 5, 128, 1, 1, 1, 24]--1.0492542947843209
[64, 2, 256, 8, 2, 5, 128, 1, 1, 1, 8]--1.0485693596647812
[64, 2, 256, 8, 2, 5, 128, 1, 2, 1, 16]--1.0492542947843209
[64, 2, 256, 8, 2, 5, 128, 1, 2, 1, 24]--1.0492542947843209
[64, 2, 256, 8, 2, 5, 128, 1, 2, 1, 8]--1.0485693596647812
[64, 2, 256, 8, 2, 5, 128, 2, 1, 1, 16]--1.018077314029566
[64, 2, 256, 8, 2, 5, 128, 2, 1, 1, 24]--1.018077314029566
[64, 2, 256, 8, 2, 5, 128, 2, 1, 1, 8]--1.0176048670329199
[64, 2, 256, 8, 2, 5, 128, 2, 2, 1, 16]--1.018077314029566
[64, 2, 256, 8, 2, 5, 128, 2, 2, 1, 24]--1.018077314029566
[64, 2, 256, 8, 2, 5, 128, 2, 2, 1, 8]--1.0176048670329199
[64, 2, 256, 8, 2, 5, 128, 1, 1, 2, 16]--1.0481556859787227
[64, 2, 256, 8, 2, 5, 128, 1, 1, 2, 24]--1.0481556859787227
[64, 2, 256, 8, 2, 5, 128, 1, 1, 2, 8]--1.0483395409503042
[64, 2, 256, 8, 2, 5, 128, 1, 2, 2, 16]--1.0481556859787227
[64, 2, 256, 8, 2, 5, 128, 1, 2, 2, 24]--1.0481556859787227
[64, 2, 256, 8, 2, 5, 128, 1, 2, 2, 8]--1.0483395409503042
[64, 2, 256, 8, 2, 5, 128, 2, 1, 2, 16]--1.0176704218793444
[64, 2, 256, 8, 2, 5, 128, 2, 1, 2, 24]--1.0176704218793444
[64, 2, 256, 8, 2, 5, 128, 2, 1, 2, 8]--1.0180449133583447
[64, 2, 256, 8, 2, 5, 128, 2, 2, 2, 16]--1.0176704218793444
[64, 2, 256, 8, 2, 5, 128, 2, 2, 2, 24]--1.0176704218793444
[64, 2, 256, 8, 2, 5, 128, 2, 2, 2, 8]--1.0180449133583447
[64, 2, 256, 8, 2, 5, 160, 1, 1, 1, 16]--1.0492542947843209
[64, 2, 256, 8, 2, 5, 160, 1, 1, 1, 24]--1.0492542947843209
[64, 2, 256, 8, 2, 5, 160, 1, 1, 1, 8]--1.0485693596647812
[64, 2, 256, 8, 2, 5, 160, 1, 2, 1, 16]--1.0492542947843209
[64, 2, 256, 8, 2, 5, 160, 1, 2, 1, 24]--1.0492542947843209
[64, 2, 256, 8, 2, 5, 160, 1, 2, 1, 8]--1.0485693596647812
[64, 2, 256, 8, 2, 5, 160, 2, 1, 1, 16]--1.018077314029566
[64, 2, 256, 8, 2, 5, 160, 2, 1, 1, 24]--1.018077314029566
[64, 2, 256, 8, 2, 5, 160, 2, 1, 1, 8]--1.0176048670329199
[64, 2, 256, 8, 2, 5, 160, 2, 2, 1, 16]--1.018077314029566
[64, 2, 256, 8, 2, 5, 160, 2, 2, 1, 24]--1.018077314029566
[64, 2, 256, 8, 2, 5, 160, 2, 2, 1, 8]--1.0176048670329199
[64, 2, 256, 8, 2, 5, 160, 1, 1, 2, 16]--1.0481556859787227
[64, 2, 256, 8, 2, 5, 160, 1, 1, 2, 24]--1.0481556859787227
[64, 2, 256, 8, 2, 5, 160, 1, 1, 2, 8]--1.0483395409503042
[64, 2, 256, 8, 2, 5, 160, 1, 2, 2, 16]--1.0481556859787227
[64, 2, 256, 8, 2, 5, 160, 1, 2, 2, 24]--1.0481556859787227
[64, 2, 256, 8, 2, 5, 160, 1, 2, 2, 8]--1.0483395409503042
[64, 2, 256, 8, 2, 5, 160, 2, 1, 2, 16]--1.0176704218793444
[64, 2, 256, 8, 2, 5, 160, 2, 1, 2, 24]--1.0176704218793444
[64, 2, 256, 8, 2, 5, 160, 2, 1, 2, 8]--1.0180449133583447
[64, 2, 256, 8, 2, 5, 160, 2, 2, 2, 16]--1.0176704218793444
[64, 2, 256, 8, 2, 5, 160, 2, 2, 2, 24]--1.0176704218793444
[64, 2, 256, 8, 2, 5, 160, 2, 2, 2, 8]--1.0180449133583447
[64, 2, 256, 8, 2, 5, 64, 1, 1, 1, 16]--1.049177437378168
[64, 2, 256, 8, 2, 5, 64, 1, 1, 1, 24]--1.049177437378168
[64, 2, 256, 8, 2, 5, 64, 1, 1, 1, 8]--1.0485693596647812
[64, 2, 256, 8, 2, 5, 64, 1, 2, 1, 16]--1.049177437378168
[64, 2, 256, 8, 2, 5, 64, 1, 2, 1, 24]--1.049177437378168
[64, 2, 256, 8, 2, 5, 64, 1, 2, 1, 8]--1.0485693596647812
[64, 2, 256, 8, 2, 5, 64, 2, 1, 1, 16]--1.0183455614471195
[64, 2, 256, 8, 2, 5, 64, 2, 1, 1, 24]--1.0183455614471195
[64, 2, 256, 8, 2, 5, 64, 2, 1, 1, 8]--1.0178994870898395
[64, 2, 256, 8, 2, 5, 64, 2, 2, 1, 16]--1.0183455614471195
[64, 2, 256, 8, 2, 5, 64, 2, 2, 1, 24]--1.0183455614471195
[64, 2, 256, 8, 2, 5, 64, 2, 2, 1, 8]--1.0178994870898395
[64, 2, 256, 8, 2, 5, 64, 1, 1, 2, 16]--1.048160207002614
[64, 2, 256, 8, 2, 5, 64, 1, 1, 2, 24]--1.048160207002614
[64, 2, 256, 8, 2, 5, 64, 1, 1, 2, 8]--1.0483395409503042
[64, 2, 256, 8, 2, 5, 64, 1, 2, 2, 16]--1.048160207002614
[64, 2, 256, 8, 2, 5, 64, 1, 2, 2, 24]--1.048160207002614
[64, 2, 256, 8, 2, 5, 64, 1, 2, 2, 8]--1.0483395409503042
[64, 2, 256, 8, 2, 5, 64, 2, 1, 2, 16]--1.0180343643025982
[64, 2, 256, 8, 2, 5, 64, 2, 1, 2, 24]--1.0180343643025982
[64, 2, 256, 8, 2, 5, 64, 2, 1, 2, 8]--1.0179710699681193
[64, 2, 256, 8, 2, 5, 64, 2, 2, 2, 16]--1.0180343643025982
[64, 2, 256, 8, 2, 5, 64, 2, 2, 2, 24]--1.0180343643025982
[64, 2, 256, 8, 2, 5, 64, 2, 2, 2, 8]--1.0179710699681193
[64, 2, 256, 8, 2, 5, 96, 1, 1, 1, 16]--1.0492542947843209
[64, 2, 256, 8, 2, 5, 96, 1, 1, 1, 24]--1.0492542947843209
[64, 2, 256, 8, 2, 5, 96, 1, 1, 1, 8]--1.0485693596647812
[64, 2, 256, 8, 2, 5, 96, 1, 2, 1, 16]--1.0492542947843209
[64, 2, 256, 8, 2, 5, 96, 1, 2, 1, 24]--1.0492542947843209
[64, 2, 256, 8, 2, 5, 96, 1, 2, 1, 8]--1.0485693596647812
[64, 2, 256, 8, 2, 5, 96, 2, 1, 1, 16]--1.018077314029566
[64, 2, 256, 8, 2, 5, 96, 2, 1, 1, 24]--1.018077314029566
[64, 2, 256, 8, 2, 5, 96, 2, 1, 1, 8]--1.0176048670329199
[64, 2, 256, 8, 2, 5, 96, 2, 2, 1, 16]--1.018077314029566
[64, 2, 256, 8, 2, 5, 96, 2, 2, 1, 24]--1.018077314029566
[64, 2, 256, 8, 2, 5, 96, 2, 2, 1, 8]--1.0176048670329199
[64, 2, 256, 8, 2, 5, 96, 3, 2, 1, 16]--1.0155304705707717
[64, 2, 256, 8, 2, 5, 96, 1, 1, 2, 16]--1.0481556859787227
[64, 2, 256, 8, 2, 5, 96, 1, 1, 2, 24]--1.0481556859787227
[64, 2, 256, 8, 2, 5, 96, 1, 1, 2, 8]--1.0483395409503042
[64, 2, 256, 8, 2, 5, 96, 1, 2, 2, 16]--1.0481556859787227
[64, 2, 256, 8, 2, 5, 96, 1, 2, 2, 24]--1.0481556859787227
[64, 2, 256, 8, 2, 5, 96, 1, 2, 2, 8]--1.0483395409503042
[64, 2, 256, 8, 2, 5, 96, 2, 1, 2, 16]--1.0176704218793444
[64, 2, 256, 8, 2, 5, 96, 2, 1, 2, 24]--1.0176704218793444
[64, 2, 256, 8, 2, 5, 96, 2, 1, 2, 8]--1.0180449133583447
[64, 2, 256, 8, 2, 5, 96, 2, 2, 2, 16]--1.0176704218793444
[64, 2, 256, 8, 2, 5, 96, 2, 2, 2, 24]--1.0176704218793444
[64, 2, 256, 8, 2, 5, 96, 2, 2, 2, 8]--1.0180449133583447
[64, 2, 512, 2, 4, 2, 32, 2, 1, 1, 8]--1.0797372983717533
[64, 2, 512, 2, 4, 3, 32, 3, 1, 2, 4]--1.0239561520962857
[64, 2, 512, 4, 8, 5, 64, 1, 2, 2, 8]--1.0469666566952973
[64, 2, 512, 4, 8, 5, 96, 5, 1, 2, 24]--1.0142043035626422
[64, 2, 512, 8, 10, 1, 64, 1, 1, 1, 4]--1.1098427964642579
[64, 4, 1024, 2, 10, 2, 64, 1, 1, 1, 24]--1.083855197632792
[64, 4, 1024, 4, 8, 5, 128, 1, 1, 1, 24]--1.0384678852835398
[64, 4, 128, 16, 10, 4, 160, 4, 1, 1, 16]--1.0078937077142984
[64, 4, 128, 2, 8, 5, 128, 5, 1, 1, 8]--1.019699608102579
[64, 4, 128, 4, 10, 2, 32, 2, 1, 1, 8]--1.0775295317048104
[64, 4, 128, 4, 10, 2, 32, 1, 1, 2, 8]--1.088158458873376
[64, 4, 128, 4, 2, 3, 128, 3, 1, 1, 4]--1.0204666751561449
[64, 4, 128, 8, 2, 3, 32, 3, 1, 1, 4]--1.0171829048030605
[64, 4, 256, 4, 6, 2, 160, 2, 1, 1, 24]--1.0729097987918317
[64, 4, 256, 8, 10, 2, 160, 2, 2, 2, 2]--1.1173446821079727
[64, 8, 1024, 4, 2, 3, 128, 2, 1, 2, 16]--1.0061614020599292
[64, 8, 1024, 4, 2, 3, 128, 2, 1, 2, 8]--1.0061666765878023
[64, 8, 1024, 4, 2, 3, 160, 2, 1, 2, 8]--1.0061666765878023
[64, 8, 1024, 4, 2, 4, 128, 2, 1, 2, 8]--1.006462050148704
[64, 8, 1024, 4, 2, 4, 160, 2, 1, 2, 16]--1.0064507475889757
[64, 8, 1024, 4, 2, 4, 160, 2, 1, 2, 24]--1.0064507475889757
[64, 8, 1024, 4, 2, 4, 160, 2, 1, 2, 8]--1.006462050148704
[64, 8, 1024, 4, 2, 5, 128, 2, 1, 2, 8]--1.0061259873727804
[64, 8, 1024, 4, 2, 5, 160, 2, 1, 2, 16]--1.0060544044945006
[64, 8, 1024, 4, 2, 5, 160, 2, 1, 2, 24]--1.0060544044945006
[64, 8, 1024, 4, 2, 5, 160, 2, 1, 2, 8]--1.0061259873727804
[64, 8, 1024, 4, 4, 3, 128, 2, 1, 2, 8]--1.0054207076457295
[64, 8, 128, 16, 2, 4, 128, 2, 1, 2, 8]--1.0065969273614626
[64, 8, 128, 2, 2, 3, 160, 3, 1, 1, 4]--1.0288968777055503
[64, 8, 128, 2, 8, 5, 96, 3, 2, 2, 8]--1.0185233883868459
[64, 8, 128, 4, 4, 5, 32, 5, 1, 2, 8]--1.0134771722201166
[64, 8, 128, 4, 8, 3, 64, 2, 1, 2, 8]--1.0120929854053813
[64, 8, 128, 8, 10, 5, 32, 4, 1, 1, 16]--1.0086321416165525
[64, 8, 128, 8, 10, 5, 64, 1, 2, 1, 8]--1.0381996378659863
[64, 8, 128, 8, 2, 2, 128, 1, 1, 1, 2]--1.1382649666612163
[64, 8, 128, 8, 2, 2, 32, 1, 1, 1, 2]--1.1382649666612163
[64, 8, 128, 8, 2, 2, 64, 1, 1, 1, 16]--1.08326897153488
[64, 8, 128, 8, 2, 2, 64, 1, 1, 1, 24]--1.08326897153488
[64, 8, 128, 8, 2, 2, 64, 1, 1, 1, 2]--1.1382649666612163
[64, 8, 128, 8, 2, 2, 64, 1, 1, 1, 4]--1.0845401327523316
[64, 8, 128, 8, 2, 2, 64, 1, 1, 1, 8]--1.083444537962661
[64, 8, 128, 8, 2, 2, 64, 2, 1, 1, 16]--1.0724350912832399
[64, 8, 128, 8, 2, 2, 64, 2, 1, 1, 24]--1.0724350912832399
[64, 8, 128, 8, 2, 2, 64, 2, 1, 1, 4]--1.072872877096719
[64, 8, 128, 8, 2, 2, 64, 2, 1, 1, 8]--1.0724373517951855
[64, 8, 128, 8, 2, 2, 64, 1, 1, 2, 16]--1.0829826400217613
[64, 8, 128, 8, 2, 2, 64, 1, 1, 2, 24]--1.0829826400217613
[64, 8, 128, 8, 2, 2, 64, 1, 1, 2, 4]--1.0845032110572188
[64, 8, 128, 8, 2, 2, 64, 1, 1, 2, 8]--1.0826390422060186
[64, 8, 128, 8, 2, 2, 64, 2, 1, 2, 16]--1.0721849279612519
[64, 8, 128, 8, 2, 2, 64, 2, 1, 2, 24]--1.0721849279612519
[64, 8, 128, 8, 2, 2, 64, 2, 1, 2, 4]--1.0730228243891156
[64, 8, 128, 8, 2, 2, 64, 2, 1, 2, 8]--1.072489343569936
[64, 8, 128, 8, 2, 2, 96, 1, 1, 1, 2]--1.1382649666612163
[64, 8, 128, 8, 2, 2, 96, 1, 1, 1, 4]--1.0845401327523316
[64, 8, 128, 8, 2, 2, 96, 1, 1, 1, 8]--1.083444537962661
[64, 8, 128, 8, 2, 3, 64, 1, 1, 1, 16]--1.0383156774791977
[64, 8, 128, 8, 2, 3, 64, 1, 1, 1, 24]--1.0383156774791977
[64, 8, 128, 8, 2, 3, 64, 1, 1, 1, 4]--1.0433784707335285
[64, 8, 128, 8, 2, 3, 64, 1, 1, 1, 8]--1.038598994976389
[64, 8, 128, 8, 2, 3, 64, 2, 1, 1, 16]--1.0080037192956546
[64, 8, 128, 8, 2, 3, 64, 2, 1, 1, 24]--1.0080037192956546
[64, 8, 128, 8, 2, 3, 64, 2, 1, 1, 4]--1.0158868779542065
[64, 8, 128, 8, 2, 3, 64, 2, 1, 1, 8]--1.0080451620146587
[64, 8, 128, 8, 2, 3, 64, 1, 1, 2, 16]--1.0387112670696907
[64, 8, 128, 8, 2, 3, 64, 1, 1, 2, 24]--1.0387112670696907
[64, 8, 128, 8, 2, 3, 64, 1, 1, 2, 4]--1.04349451034674
[64, 8, 128, 8, 2, 3, 64, 1, 1, 2, 8]--1.038584678400733
[64, 8, 128, 8, 2, 3, 64, 2, 1, 2, 16]--1.0089546413208021
[64, 8, 128, 8, 2, 3, 64, 2, 1, 2, 24]--1.0089546413208021
[64, 8, 128, 8, 2, 3, 64, 2, 1, 2, 4]--1.014387405030242
[64, 8, 128, 8, 2, 3, 64, 2, 1, 2, 8]--1.0088762769066852
[64, 8, 2048, 2, 2, 4, 128, 2, 1, 1, 8]--1.007374543470775
[64, 8, 2048, 2, 2, 4, 128, 2, 1, 2, 16]--1.0067318045742213
[64, 8, 2048, 2, 2, 4, 128, 2, 1, 2, 24]--1.0067318045742213
[64, 8, 2048, 2, 2, 4, 128, 2, 1, 2, 8]--1.0068433231635412
[64, 8, 2048, 2, 2, 4, 160, 2, 1, 2, 16]--1.0067318045742213
[64, 8, 2048, 2, 2, 4, 160, 2, 1, 2, 24]--1.0067318045742213
[64, 8, 2048, 2, 2, 4, 160, 2, 1, 2, 8]--1.0068433231635412
[64, 8, 2048, 2, 2, 5, 128, 2, 1, 2, 16]--1.0067611912295151
[64, 8, 2048, 2, 2, 5, 128, 2, 1, 2, 24]--1.0067611912295151
[64, 8, 2048, 2, 2, 5, 128, 2, 1, 2, 8]--1.0068787378506903
[64, 8, 2048, 2, 2, 5, 160, 2, 1, 2, 16]--1.0067611912295151
[64, 8, 2048, 2, 2, 5, 160, 2, 1, 2, 24]--1.0067611912295151
[64, 8, 2048, 2, 2, 5, 160, 2, 1, 2, 8]--1.0068787378506903
[64, 8, 2048, 2, 4, 4, 128, 2, 1, 2, 8]--1.006412318885899
[64, 8, 256, 16, 4, 4, 128, 4, 2, 1, 4]--1.0384000699251694
[64, 8, 256, 16, 8, 3, 128, 1, 2, 1, 24]--1.0350153300385116
[64, 8, 256, 4, 2, 2, 128, 1, 1, 1, 16]--1.0828259111935277
[64, 8, 256, 4, 2, 2, 128, 1, 1, 1, 2]--1.1363586015870302
[64, 8, 256, 4, 2, 2, 128, 1, 1, 1, 4]--1.083923766495144
[64, 8, 256, 4, 2, 2, 128, 1, 1, 1, 8]--1.0828183761537087
[64, 8, 256, 4, 2, 2, 160, 1, 1, 1, 2]--1.1363586015870302
[64, 8, 256, 4, 2, 2, 64, 1, 1, 1, 16]--1.0828259111935277
[64, 8, 256, 4, 2, 2, 64, 1, 1, 1, 24]--1.0828259111935277
[64, 8, 256, 4, 2, 2, 64, 1, 1, 1, 2]--1.1363586015870302
[64, 8, 256, 4, 2, 2, 64, 1, 1, 1, 4]--1.083923766495144
[64, 8, 256, 4, 2, 2, 64, 1, 1, 1, 8]--1.0828183761537087
[64, 8, 256, 4, 2, 2, 64, 2, 1, 1, 16]--1.0719829888941048
[64, 8, 256, 4, 2, 2, 64, 2, 1, 1, 24]--1.0719829888941048
[64, 8, 256, 4, 2, 2, 64, 2, 1, 1, 4]--1.072600108655274
[64, 8, 256, 4, 2, 2, 64, 2, 1, 1, 8]--1.0719016104640604
[64, 8, 256, 4, 2, 2, 64, 1, 1, 2, 16]--1.0830195617168739
[64, 8, 256, 4, 2, 2, 64, 1, 1, 2, 24]--1.0830195617168739
[64, 8, 256, 4, 2, 2, 64, 1, 1, 2, 4]--1.0833963137078197
[64, 8, 256, 4, 2, 2, 64, 1, 1, 2, 8]--1.082803306074071
[64, 8, 256, 4, 2, 2, 64, 2, 1, 2, 16]--1.0715549986323902
[64, 8, 256, 4, 2, 2, 64, 2, 1, 2, 24]--1.0715549986323902
[64, 8, 256, 4, 2, 2, 64, 2, 1, 2, 4]--1.0727982802025118
[64, 8, 256, 4, 2, 2, 64, 2, 1, 2, 8]--1.070777382523078
[64, 8, 256, 4, 2, 2, 96, 1, 1, 1, 2]--1.1363586015870302
[64, 8, 256, 4, 2, 2, 96, 1, 1, 1, 4]--1.083923766495144
[64, 8, 256, 4, 2, 2, 96, 1, 1, 1, 8]--1.0828183761537087
[64, 8, 256, 4, 2, 3, 64, 1, 1, 1, 16]--1.0377708941002899
[64, 8, 256, 4, 2, 3, 64, 1, 1, 1, 24]--1.0377708941002899
[64, 8, 256, 4, 2, 3, 64, 1, 1, 1, 4]--1.0424750194592403
[64, 8, 256, 4, 2, 3, 64, 1, 1, 1, 8]--1.0379449535201068
[64, 8, 256, 4, 2, 3, 64, 2, 1, 1, 16]--1.0075169557233525
[64, 8, 256, 4, 2, 3, 64, 2, 1, 1, 24]--1.0075169557233525
[64, 8, 256, 4, 2, 3, 64, 2, 1, 1, 4]--1.014700109182727
[64, 8, 256, 4, 2, 3, 64, 2, 1, 1, 8]--1.0075463423786464
[64, 8, 256, 4, 2, 3, 64, 1, 1, 2, 16]--1.0372163151696174
[64, 8, 256, 4, 2, 3, 64, 1, 1, 2, 24]--1.0372163151696174
[64, 8, 256, 4, 2, 3, 64, 1, 1, 2, 4]--1.0417486416206967
[64, 8, 256, 4, 2, 3, 64, 1, 1, 2, 8]--1.0376149187760382
[64, 8, 256, 4, 2, 3, 64, 2, 1, 2, 16]--1.0078462369634393
[64, 8, 256, 4, 2, 3, 64, 2, 1, 2, 24]--1.0078462369634393
[64, 8, 256, 4, 2, 3, 64, 2, 1, 2, 4]--1.0129399238810277
[64, 8, 256, 4, 2, 3, 64, 2, 1, 2, 8]--1.00779876621258
[64, 8, 256, 8, 2, 4, 32, 3, 1, 1, 24]--1.006921687577658
[64, 8, 512, 2, 10, 5, 160, 2, 1, 2, 8]--1.0059323368494342
[64, 8, 512, 2, 2, 2, 128, 1, 1, 1, 2]--1.1365823922696519
[64, 8, 512, 2, 2, 2, 32, 1, 1, 1, 2]--1.1365823922696519
[64, 8, 512, 2, 2, 2, 32, 1, 1, 1, 4]--1.0828952335598618
[64, 8, 512, 2, 2, 2, 64, 1, 1, 1, 16]--1.0820919983151651
[64, 8, 512, 2, 2, 2, 64, 1, 1, 1, 24]--1.0820919983151651
[64, 8, 512, 2, 2, 2, 64, 1, 1, 1, 2]--1.1365823922696519
[64, 8, 512, 2, 2, 2, 64, 1, 1, 1, 4]--1.0828952335598618
[64, 8, 512, 2, 2, 2, 64, 1, 1, 1, 8]--1.0820942588271107
[64, 8, 512, 2, 2, 2, 64, 2, 1, 1, 16]--1.0709408928871484
[64, 8, 512, 2, 2, 2, 64, 2, 1, 1, 24]--1.0709408928871484
[64, 8, 512, 2, 2, 2, 64, 2, 1, 1, 4]--1.0720884794515697
[64, 8, 512, 2, 2, 2, 64, 2, 1, 1, 8]--1.0710396019087762
[64, 8, 512, 2, 2, 2, 64, 1, 1, 2, 16]--1.0820098663811388
[64, 8, 512, 2, 2, 2, 64, 1, 1, 2, 24]--1.0820098663811388
[64, 8, 512, 2, 2, 2, 64, 1, 1, 2, 4]--1.0832802740946084
[64, 8, 512, 2, 2, 2, 64, 1, 1, 2, 8]--1.0819292414550765
[64, 8, 512, 2, 2, 2, 64, 2, 1, 2, 16]--1.0710034337176455
[64, 8, 512, 2, 2, 2, 64, 2, 1, 2, 24]--1.0710034337176455
[64, 8, 512, 2, 2, 2, 64, 2, 1, 2, 4]--1.071647679622163
[64, 8, 512, 2, 2, 2, 64, 2, 1, 2, 8]--1.070861021465068
[64, 8, 512, 2, 2, 2, 96, 1, 1, 1, 4]--1.0828952335598618
[64, 8, 512, 2, 2, 3, 32, 1, 1, 1, 4]--1.0416243134636844
[64, 8, 512, 2, 2, 3, 64, 1, 1, 1, 16]--1.03724118080102
[64, 8, 512, 2, 2, 3, 64, 1, 1, 1, 24]--1.03724118080102
[64, 8, 512, 2, 2, 3, 64, 1, 1, 1, 4]--1.0416243134636844
[64, 8, 512, 2, 2, 3, 64, 1, 1, 1, 8]--1.0374807950672615
[64, 8, 512, 2, 2, 3, 64, 2, 1, 1, 16]--1.007554630922447
[64, 8, 512, 2, 2, 3, 64, 2, 1, 1, 24]--1.007554630922447
[64, 8, 512, 2, 2, 3, 64, 2, 1, 1, 4]--1.013933042129161
[64, 8, 512, 2, 2, 3, 64, 2, 1, 1, 8]--1.0075531239144833
[64, 8, 512, 2, 2, 3, 64, 1, 1, 2, 16]--1.0370965080364967
[64, 8, 512, 2, 2, 3, 64, 1, 1, 2, 24]--1.0370965080364967
[64, 8, 512, 2, 2, 3, 64, 1, 1, 2, 4]--1.0418586532020528
[64, 8, 512, 2, 2, 3, 64, 1, 1, 2, 8]--1.0369164205848245
[64, 8, 512, 2, 2, 3, 64, 2, 1, 2, 16]--1.0075237372591896
[64, 8, 512, 2, 2, 3, 64, 2, 1, 2, 24]--1.0075237372591896
[64, 8, 512, 2, 2, 3, 64, 2, 1, 2, 4]--1.0130130137672713
[64, 8, 512, 2, 2, 3, 64, 2, 1, 2, 8]--1.0074596894207288
[64, 8, 512, 4, 10, 2, 160, 2, 1, 1, 2]--1.1135349659755276
[64, 8, 512, 4, 2, 4, 128, 2, 1, 2, 16]--1.0059745330724201
[64, 8, 512, 4, 2, 4, 128, 2, 1, 2, 24]--1.0059745330724201
[64, 8, 512, 4, 2, 4, 128, 3, 1, 2, 16]--1.0046785062235661
[64, 8, 512, 4, 2, 4, 128, 3, 1, 2, 24]--1.0046785062235661
[64, 8, 512, 4, 2, 4, 160, 2, 1, 2, 16]--1.0059745330724201
[64, 8, 512, 4, 2, 4, 96, 2, 1, 2, 16]--1.0059745330724201
[64, 8, 512, 4, 2, 4, 96, 2, 1, 2, 24]--1.0059745330724201
[64, 8, 512, 4, 2, 4, 96, 3, 1, 2, 16]--1.0046785062235661
[64, 8, 512, 4, 2, 4, 96, 3, 1, 2, 24]--1.0046785062235661
[64, 8, 512, 8, 2, 2, 96, 2, 1, 2, 8]--1.0698189254581116
[16, 8, 128, 4, 2, 3, 32, 3, 1, 2, 4]--1.02515271641953
[32, 16, 256, 2, 2, 2, 128, 2, 1, 2, 16]--1.0754189670515313
[64, 8, 128, 2, 2, 5, 160, 1, 1, 1, 24]--1.0521824112579523
