[16, 16, 2048, 16, 10, 5, 32, 5, 2, 2, 8]--1.0811731346789484
[16, 2, 1024, 2, 10, 4, 128, 4, 1, 1, 16]--1.1823375446720692
[16, 2, 1024, 2, 10, 5, 96, 5, 1, 2, 24]--1.1420110400832202
[16, 2, 1024, 4, 10, 2, 160, 1, 2, 2, 16]--1.1863559336252747
[16, 2, 128, 16, 2, 3, 128, 1, 2, 1, 8]--1.24377946678747
[16, 2, 128, 16, 2, 4, 64, 4, 1, 1, 4]--1.7313132329994463
[16, 2, 128, 2, 2, 1, 32, 1, 1, 1, 2]--1.794734987667992
[16, 2, 128, 2, 2, 1, 64, 1, 1, 1, 2]--1.794734987667992
[16, 2, 128, 2, 2, 1, 96, 1, 1, 1, 2]--1.794734987667992
[16, 2, 128, 2, 2, 2, 32, 2, 1, 1, 2]--2.2009781715071894
[16, 2, 128, 2, 2, 4, 160, 4, 2, 2, 4]--1.8023355312830323
[16, 2, 128, 2, 2, 5, 32, 5, 1, 1, 8]--1.284894548749182
[16, 2, 128, 2, 8, 2, 64, 2, 1, 1, 8]--1.2962869750507542
[16, 2, 128, 4, 2, 1, 128, 1, 1, 1, 2]--1.7397359104713008
[16, 2, 128, 4, 2, 1, 32, 1, 1, 1, 8]--1.3443566383114378
[16, 2, 128, 4, 8, 4, 96, 4, 1, 1, 24]--1.2145182127816647
[16, 2, 128, 4, 8, 5, 160, 5, 1, 1, 16]--1.2127397191322293
[16, 2, 128, 8, 2, 1, 128, 1, 1, 1, 2]--1.7097615811815239
[16, 2, 128, 8, 2, 3, 128, 1, 1, 1, 4]--1.3644318048354893
[16, 2, 128, 8, 4, 1, 96, 1, 1, 1, 2]--1.6973792386033792
[16, 2, 128, 8, 4, 1, 96, 1, 1, 1, 4]--1.294500092280331
[16, 2, 128, 8, 4, 2, 32, 1, 1, 1, 2]--2.099763426788141
[16, 2, 128, 8, 4, 4, 128, 3, 1, 2, 4]--1.709484740188923
[16, 2, 2048, 2, 10, 5, 128, 1, 2, 1, 16]--1.2057264139863426
[16, 2, 2048, 2, 10, 5, 160, 5, 1, 1, 8]--1.1830841764399926
[16, 2, 2048, 2, 2, 4, 160, 2, 1, 2, 24]--1.1694518548346504
[16, 2, 2048, 2, 6, 2, 160, 1, 1, 2, 4]--1.2260280867770674
[16, 2, 2048, 4, 4, 5, 32, 1, 1, 1, 8]--1.2048539454036007
[16, 2, 2048, 8, 10, 5, 64, 5, 2, 1, 16]--1.1674468549185417
[16, 2, 256, 16, 4, 4, 96, 1, 1, 1, 24]--1.2110199493297091
[16, 2, 256, 16, 6, 3, 32, 3, 1, 1, 4]--1.2984262009026695
[16, 2, 256, 2, 2, 2, 32, 2, 1, 1, 2]--2.1506266673377965
[16, 2, 256, 2, 2, 5, 96, 4, 2, 2, 24]--1.211120618781564
[16, 2, 256, 4, 10, 4, 160, 4, 2, 1, 24]--1.1926981090921294
[16, 2, 256, 4, 4, 5, 32, 5, 1, 1, 8]--1.1911796781933188
[16, 2, 256, 8, 8, 4, 32, 1, 1, 1, 4]--1.7427727722689217
[16, 2, 512, 2, 4, 2, 160, 1, 1, 2, 2]--2.0731531350145134
[16, 2, 512, 2, 4, 4, 64, 4, 1, 1, 4]--1.7244677102733175
[16, 2, 512, 2, 8, 3, 160, 3, 1, 1, 4]--1.3044999244979112
[16, 2, 512, 2, 8, 4, 128, 4, 1, 1, 16]--1.201112397442996
[16, 2, 512, 4, 4, 1, 64, 1, 1, 1, 2]--1.6943927115316857
[16, 2, 512, 8, 6, 2, 64, 1, 1, 1, 4]--1.2837452391738393
[16, 4, 1024, 2, 8, 4, 128, 4, 1, 1, 8]--1.1548715625576753
[16, 4, 1024, 8, 10, 2, 160, 1, 1, 1, 2]--2.068128051542759
[16, 4, 1024, 8, 10, 2, 32, 2, 2, 2, 2]--2.033866881428164
[16, 4, 128, 16, 8, 4, 64, 3, 2, 1, 4]--1.6899296991661215
[16, 4, 128, 2, 2, 4, 96, 1, 1, 1, 4]--1.8153722252982332
[16, 4, 128, 2, 4, 1, 32, 1, 1, 1, 2]--1.750264257311119
[16, 4, 128, 2, 6, 4, 160, 2, 1, 2, 8]--1.213385681448298
[16, 4, 128, 4, 10, 4, 96, 3, 1, 2, 16]--1.1452324625425747
[16, 4, 128, 8, 6, 4, 32, 1, 1, 1, 4]--1.7162883173101122
[16, 4, 128, 8, 6, 5, 160, 5, 1, 1, 16]--1.1509454539353368
[16, 4, 128, 8, 8, 2, 32, 2, 1, 1, 2]--2.0716598714786665
[16, 4, 2048, 2, 10, 2, 160, 1, 2, 1, 4]--1.2577473532323282
[16, 4, 2048, 2, 2, 3, 32, 3, 1, 1, 4]--1.273409842116743
[16, 4, 2048, 2, 4, 3, 160, 3, 1, 1, 4]--1.2655156792671265
[16, 4, 256, 2, 6, 5, 128, 2, 1, 1, 24]--1.2075468532407174
[16, 4, 512, 2, 10, 2, 128, 2, 1, 2, 2]--2.0485897887619333
[16, 4, 512, 2, 10, 4, 128, 4, 1, 2, 4]--1.6900052012550124
[16, 4, 512, 2, 4, 3, 32, 2, 2, 2, 4]--1.255692018590292
[16, 4, 512, 4, 2, 5, 32, 3, 2, 1, 8]--1.1741833190718276
[16, 4, 512, 4, 8, 2, 64, 1, 1, 1, 2]--2.0706196204761667
[16, 4, 512, 8, 6, 3, 32, 1, 1, 1, 4]--1.31046458952031
[16, 8, 1024, 2, 2, 5, 128, 5, 1, 1, 8]--1.1512558514118891
[16, 8, 128, 16, 10, 5, 160, 2, 1, 2, 24]--1.1229929028036443
[16, 8, 128, 2, 8, 4, 96, 4, 1, 1, 8]--1.2368332746094863
[16, 8, 128, 4, 2, 3, 128, 3, 1, 1, 4]--1.3122346940487575
[16, 8, 128, 8, 8, 3, 128, 3, 1, 1, 8]--1.1580174829281389
[16, 8, 2048, 2, 6, 3, 96, 3, 2, 1, 4]--1.246203922752974
[16, 8, 2048, 2, 8, 2, 32, 1, 1, 1, 24]--1.1760289256891663
[16, 8, 256, 2, 10, 3, 32, 1, 2, 2, 16]--1.1800137581584202
[16, 8, 256, 4, 2, 4, 32, 4, 1, 1, 24]--1.1626398885924734
[16, 8, 256, 4, 8, 3, 128, 3, 1, 1, 16]--1.159040955688663
[16, 8, 256, 8, 2, 3, 32, 1, 2, 1, 16]--1.2073622925789835
[16, 8, 512, 2, 4, 2, 96, 1, 2, 1, 2]--2.0634637002734855
[16, 8, 512, 2, 6, 4, 32, 4, 1, 1, 16]--1.1515494706464657
[16, 8, 512, 4, 4, 5, 96, 1, 2, 1, 8]--1.168185097565477
[32, 16, 1024, 8, 10, 4, 96, 4, 2, 2, 24]--1.0171305850572976
[32, 16, 128, 2, 4, 3, 160, 1, 1, 2, 24]--1.2162715390681365
[32, 16, 128, 4, 8, 3, 160, 3, 1, 2, 4]--1.2407090485058976
[32, 16, 512, 16, 8, 5, 160, 1, 2, 2, 8]--1.0772470260566098
[32, 16, 512, 4, 6, 4, 64, 3, 2, 1, 8]--1.0712823610342108
[32, 16, 512, 8, 4, 2, 128, 1, 1, 1, 4]--1.175718528212614
[32, 2, 1024, 2, 2, 4, 128, 4, 1, 1, 16]--1.177958423516384
[32, 2, 1024, 2, 4, 4, 64, 4, 1, 1, 8]--1.1655257462123119
[32, 2, 128, 16, 8, 4, 160, 1, 1, 2, 24]--1.1562306001577154
[32, 2, 128, 2, 10, 4, 96, 4, 1, 1, 16]--1.2494085669703527
[32, 2, 128, 2, 2, 1, 32, 1, 1, 1, 4]--1.3770238754383315
[32, 2, 128, 2, 6, 3, 64, 3, 1, 1, 8]--1.2681246958943642
[32, 2, 128, 2, 8, 3, 32, 3, 1, 1, 4]--1.3607070351168604
[32, 2, 128, 2, 8, 5, 160, 5, 1, 1, 24]--1.2391654502441234
[32, 2, 128, 4, 10, 4, 128, 4, 1, 2, 24]--1.1454338014462844
[32, 2, 128, 4, 10, 4, 64, 4, 2, 1, 16]--1.1980252009194476
[32, 2, 128, 4, 2, 4, 128, 4, 1, 1, 8]--1.2121105350581367
[32, 2, 128, 4, 4, 2, 32, 2, 2, 1, 8]--1.2164896562138219
[32, 2, 128, 4, 4, 4, 128, 4, 1, 1, 16]--1.1892082347611617
[32, 2, 128, 4, 6, 4, 128, 4, 1, 1, 16]--1.1924380463415043
[32, 2, 2048, 2, 6, 5, 160, 1, 1, 2, 8]--1.1507608932736029
[32, 2, 2048, 4, 4, 2, 64, 1, 1, 2, 2]--2.0369960235566515
[32, 2, 2048, 4, 8, 2, 128, 2, 1, 2, 2]--2.03248267646516
[32, 2, 2048, 4, 8, 3, 128, 2, 1, 1, 24]--1.1927064982131172
[32, 2, 256, 16, 8, 2, 96, 1, 1, 2, 4]--1.2063975436653747
[32, 2, 256, 2, 8, 1, 32, 1, 1, 1, 16]--1.3200197983255315
[32, 2, 256, 2, 8, 4, 160, 1, 1, 1, 24]--1.2521853660173488
[32, 2, 256, 2, 8, 4, 64, 4, 1, 1, 16]--1.2042834851764233
[32, 2, 256, 2, 8, 5, 160, 5, 1, 1, 8]--1.2114813509840439
[32, 2, 256, 4, 4, 2, 64, 2, 2, 1, 2]--2.0795959799332224
[32, 2, 256, 4, 6, 2, 160, 1, 2, 2, 8]--1.1836714149091458
[32, 2, 256, 8, 2, 3, 128, 3, 1, 1, 4]--1.285406285129444
[32, 2, 256, 8, 8, 2, 96, 2, 1, 1, 16]--1.1921444271069277
[32, 2, 512, 4, 4, 2, 32, 1, 2, 2, 16]--1.1749802855656784
[32, 2, 512, 4, 4, 5, 160, 5, 1, 1, 24]--1.1549386755255784
[32, 2, 512, 8, 2, 3, 32, 3, 1, 2, 8]--1.1350564587842487
[32, 2, 512, 8, 2, 4, 128, 4, 1, 1, 4]--1.7099461418432578
[32, 2, 512, 8, 4, 4, 128, 4, 1, 1, 8]--1.1695441351655174
[32, 2, 512, 8, 6, 4, 32, 1, 1, 1, 24]--1.2009865606281773
[32, 4, 1024, 2, 10, 5, 128, 5, 1, 2, 8]--1.108681062398282
[32, 4, 1024, 2, 6, 4, 128, 4, 1, 1, 16]--1.1386218352041073
[32, 4, 1024, 4, 8, 2, 96, 2, 1, 2, 24]--1.1300313753124946
[32, 4, 1024, 4, 8, 3, 128, 3, 1, 1, 16]--1.1496786966661634
[32, 4, 128, 16, 2, 4, 32, 4, 1, 1, 16]--1.1532189057230584
[32, 4, 128, 16, 4, 2, 96, 2, 1, 1, 4]--1.2404573748762604
[32, 4, 128, 2, 4, 4, 128, 4, 1, 1, 16]--1.227194174594386
[32, 4, 128, 2, 6, 4, 96, 4, 1, 1, 16]--1.2297528564956963
[32, 4, 128, 4, 6, 2, 128, 2, 1, 1, 16]--1.1999127531417257
[32, 4, 128, 4, 6, 4, 128, 4, 1, 1, 4]--1.7149628361940237
[32, 4, 128, 8, 4, 3, 96, 3, 1, 2, 8]--1.1223721078505393
[32, 4, 128, 8, 6, 4, 128, 4, 1, 1, 8]--1.1527491149477358
[32, 4, 128, 8, 8, 5, 96, 5, 1, 2, 8]--1.124838509420983
[32, 4, 256, 16, 2, 3, 128, 3, 1, 2, 16]--1.117657421855338
[32, 4, 256, 2, 4, 3, 96, 1, 1, 1, 16]--1.2456250734048087
[32, 4, 256, 4, 2, 3, 160, 1, 1, 2, 4]--1.2904565359641618
[32, 4, 256, 4, 4, 2, 64, 1, 2, 2, 4]--1.1980168117984598
[32, 4, 256, 4, 4, 2, 64, 2, 2, 2, 4]--1.2058774181641247
[32, 4, 256, 4, 6, 2, 32, 1, 1, 2, 16]--1.1626231103504974
[32, 4, 256, 4, 6, 2, 96, 2, 1, 1, 16]--1.1713394070569285
[32, 4, 256, 4, 8, 5, 128, 4, 1, 2, 16]--1.1184879448331404
[32, 4, 256, 4, 8, 5, 96, 5, 2, 2, 8]--1.1256438650358216
[32, 4, 256, 8, 10, 4, 32, 4, 1, 2, 24]--1.0983121088572338
[32, 4, 256, 8, 2, 2, 96, 2, 1, 2, 2]--2.034965856277579
[32, 4, 256, 8, 2, 3, 96, 3, 1, 1, 8]--1.167245516014832
[32, 4, 256, 8, 8, 3, 128, 3, 1, 1, 4]--1.255624905622389
[32, 4, 512, 16, 2, 2, 96, 1, 1, 1, 16]--1.195399406050234
[32, 4, 512, 2, 2, 4, 128, 4, 1, 1, 16]--1.166389825674066
[32, 4, 512, 2, 8, 3, 96, 3, 2, 1, 16]--1.1643428801530176
[32, 4, 512, 8, 2, 5, 160, 3, 1, 2, 24]--1.120492944749249
[32, 8, 1024, 2, 2, 3, 128, 3, 1, 1, 16]--1.12889045485814
[32, 8, 1024, 2, 2, 3, 32, 3, 1, 1, 8]--1.1293602456334626
[32, 8, 1024, 2, 6, 3, 64, 3, 1, 1, 16]--1.1145198906058622
[32, 8, 1024, 2, 8, 4, 32, 3, 1, 1, 8]--1.1169946812972937
[32, 8, 1024, 2, 8, 4, 32, 4, 1, 1, 8]--1.1131860203687858
[32, 8, 1024, 4, 10, 2, 128, 2, 1, 1, 2]--2.013372258854717
[32, 8, 128, 2, 4, 5, 160, 1, 1, 1, 24]--1.2561450311236388
[32, 8, 128, 2, 4, 5, 64, 4, 1, 1, 24]--1.2157598026878744
[32, 8, 128, 2, 6, 3, 32, 3, 1, 1, 16]--1.2419506384121073
[32, 8, 128, 2, 6, 4, 64, 4, 1, 1, 16]--1.2287964967030756
[32, 8, 128, 4, 2, 3, 64, 3, 1, 1, 16]--1.1833190718276538
[32, 8, 128, 8, 4, 4, 160, 2, 2, 1, 16]--1.1486552239056391
[32, 8, 2048, 2, 10, 2, 64, 1, 1, 1, 2]--2.0105786815657454
[32, 8, 2048, 2, 4, 4, 128, 2, 1, 2, 4]--1.6732269592792066
[32, 8, 256, 16, 6, 2, 64, 2, 1, 2, 4]--1.1645861646616666
[32, 8, 256, 4, 4, 2, 64, 2, 1, 1, 16]--1.1488901192933005
[32, 8, 256, 8, 8, 4, 96, 4, 1, 1, 16]--1.1110300162748947
[32, 8, 512, 2, 2, 1, 64, 1, 1, 1, 16]--1.2562457005754937
[32, 8, 512, 2, 2, 1, 64, 1, 1, 1, 4]--1.260968775691683
[32, 8, 512, 2, 2, 1, 64, 1, 1, 1, 8]--1.2562457005754937
[32, 8, 512, 2, 2, 1, 96, 1, 1, 1, 16]--1.2562457005754937
[32, 8, 512, 2, 2, 1, 96, 1, 1, 1, 4]--1.260968775691683
[32, 8, 512, 2, 2, 1, 96, 1, 1, 1, 8]--1.2562457005754937
[32, 8, 512, 2, 2, 2, 64, 1, 1, 1, 16]--1.191783694904448
[32, 8, 512, 2, 2, 2, 64, 1, 1, 1, 4]--1.2478985251925303
[32, 8, 512, 2, 2, 2, 64, 1, 1, 1, 8]--1.1810120635559807
[32, 8, 512, 2, 2, 2, 64, 1, 2, 1, 16]--1.191783694904448
[32, 8, 512, 2, 2, 2, 64, 1, 2, 1, 4]--1.2478985251925303
[32, 8, 512, 2, 2, 2, 64, 1, 2, 1, 8]--1.1810120635559807
[32, 8, 512, 2, 2, 2, 64, 2, 1, 1, 16]--1.1647539470814248
[32, 8, 512, 2, 2, 2, 64, 2, 1, 1, 4]--1.2401218100367444
[32, 8, 512, 2, 2, 2, 64, 2, 1, 1, 8]--1.169049177027231
[32, 8, 512, 2, 2, 2, 64, 2, 2, 1, 16]--1.1647539470814248
[32, 8, 512, 2, 2, 2, 64, 2, 2, 1, 4]--1.2401218100367444
[32, 8, 512, 2, 2, 2, 64, 2, 2, 1, 8]--1.169049177027231
[32, 8, 512, 2, 2, 2, 64, 1, 1, 2, 16]--1.1629418969480378
[32, 8, 512, 2, 2, 2, 64, 1, 1, 2, 4]--1.1935537994328955
[32, 8, 512, 2, 2, 2, 64, 1, 1, 2, 8]--1.1670945118370497
[32, 8, 512, 2, 2, 2, 64, 1, 2, 2, 16]--1.1629418969480378
[32, 8, 512, 2, 2, 2, 64, 1, 2, 2, 4]--1.1935537994328955
[32, 8, 512, 2, 2, 2, 64, 1, 2, 2, 8]--1.1670945118370497
[32, 8, 512, 2, 2, 2, 64, 2, 1, 2, 16]--1.141759366453583
[32, 8, 512, 2, 2, 2, 64, 2, 1, 2, 4]--1.1988892803812017
[32, 8, 512, 2, 2, 2, 64, 2, 1, 2, 8]--1.1413902451301152
[32, 8, 512, 2, 2, 2, 64, 2, 2, 2, 16]--1.141759366453583
[32, 8, 512, 2, 2, 2, 64, 2, 2, 2, 4]--1.1988892803812017
[32, 8, 512, 2, 2, 2, 64, 2, 2, 2, 8]--1.1413902451301152
[32, 8, 512, 2, 2, 2, 96, 1, 1, 1, 16]--1.191783694904448
[32, 8, 512, 2, 2, 2, 96, 1, 1, 1, 4]--1.2478985251925303
[32, 8, 512, 2, 2, 2, 96, 1, 1, 1, 8]--1.1810120635559807
[32, 8, 512, 2, 2, 2, 96, 1, 2, 1, 16]--1.191783694904448
[32, 8, 512, 2, 2, 2, 96, 1, 2, 1, 4]--1.2478985251925303
[32, 8, 512, 2, 2, 2, 96, 1, 2, 1, 8]--1.1810120635559807
[32, 8, 512, 2, 2, 2, 96, 2, 1, 1, 16]--1.1647539470814248
[32, 8, 512, 2, 2, 2, 96, 2, 1, 1, 4]--1.2401218100367444
[32, 8, 512, 2, 2, 2, 96, 2, 1, 1, 8]--1.169049177027231
[32, 8, 512, 2, 2, 2, 96, 2, 2, 1, 16]--1.1647539470814248
[32, 8, 512, 2, 2, 2, 96, 2, 2, 1, 4]--1.2401218100367444
[32, 8, 512, 2, 2, 2, 96, 2, 2, 1, 8]--1.169049177027231
[32, 8, 512, 2, 2, 2, 96, 1, 1, 2, 16]--1.1629418969480378
[32, 8, 512, 2, 2, 2, 96, 1, 1, 2, 4]--1.1935537994328955
[32, 8, 512, 2, 2, 2, 96, 1, 1, 2, 8]--1.1670945118370497
[32, 8, 512, 2, 2, 2, 96, 1, 2, 2, 16]--1.1629418969480378
[32, 8, 512, 2, 2, 2, 96, 1, 2, 2, 4]--1.1935537994328955
[32, 8, 512, 2, 2, 2, 96, 1, 2, 2, 8]--1.1670945118370497
[32, 8, 512, 2, 2, 2, 96, 2, 1, 2, 16]--1.141759366453583
[32, 8, 512, 2, 2, 2, 96, 2, 1, 2, 4]--1.1988892803812017
[32, 8, 512, 2, 2, 2, 96, 2, 1, 2, 8]--1.1413902451301152
[32, 8, 512, 2, 2, 2, 96, 2, 2, 2, 16]--1.141759366453583
[32, 8, 512, 2, 2, 2, 96, 2, 2, 2, 4]--1.1988892803812017
[32, 8, 512, 2, 2, 2, 96, 2, 2, 2, 8]--1.1413902451301152
[32, 8, 512, 2, 2, 3, 64, 1, 1, 1, 16]--1.1971946779416454
[32, 8, 512, 2, 2, 3, 64, 1, 1, 1, 4]--1.3083756983943222
[32, 8, 512, 2, 2, 3, 64, 1, 1, 1, 8]--1.189367628059932
[32, 8, 512, 2, 2, 3, 64, 1, 2, 1, 16]--1.1971946779416454
[32, 8, 512, 2, 2, 3, 64, 1, 2, 1, 4]--1.3083756983943222
[32, 8, 512, 2, 2, 3, 64, 1, 2, 1, 8]--1.189367628059932
[32, 8, 512, 2, 2, 3, 64, 2, 1, 1, 16]--1.1753326286471704
[32, 8, 512, 2, 2, 3, 64, 2, 1, 1, 4]--1.294323920739585
[32, 8, 512, 2, 2, 3, 64, 2, 1, 1, 8]--1.1750390094125938
[32, 8, 512, 2, 2, 3, 64, 2, 2, 1, 16]--1.1753326286471704
[32, 8, 512, 2, 2, 3, 64, 2, 2, 1, 4]--1.294323920739585
[32, 8, 512, 2, 2, 3, 64, 2, 2, 1, 8]--1.1750390094125938
[32, 8, 512, 2, 2, 3, 64, 3, 1, 1, 16]--1.1554588010268285
[32, 8, 512, 2, 2, 3, 64, 3, 1, 1, 4]--1.2546769349507558
[32, 8, 512, 2, 2, 3, 64, 3, 1, 1, 8]--1.1574554118219493
[32, 8, 512, 2, 2, 3, 64, 1, 1, 2, 16]--1.1355765842854986
[32, 8, 512, 2, 2, 3, 64, 1, 1, 2, 4]--1.265205281790574
[32, 8, 512, 2, 2, 3, 64, 1, 1, 2, 8]--1.1344776094360833
[32, 8, 512, 2, 2, 3, 64, 1, 2, 2, 16]--1.1355765842854986
[32, 8, 512, 2, 2, 3, 64, 1, 2, 2, 4]--1.265205281790574
[32, 8, 512, 2, 2, 3, 64, 1, 2, 2, 8]--1.1344776094360833
[32, 8, 512, 2, 2, 3, 64, 2, 1, 2, 16]--1.1160634888676364
[32, 8, 512, 2, 2, 3, 64, 2, 1, 2, 4]--1.2348114964514019
[32, 8, 512, 2, 2, 3, 64, 2, 1, 2, 8]--1.119117128907233
[32, 8, 512, 2, 2, 3, 64, 2, 2, 2, 16]--1.1160634888676364
[32, 8, 512, 2, 2, 3, 64, 2, 2, 2, 4]--1.2348114964514019
[32, 8, 512, 2, 2, 3, 64, 2, 2, 2, 8]--1.119117128907233
[32, 8, 512, 2, 2, 3, 64, 3, 1, 2, 16]--1.1185047230751162
[32, 8, 512, 2, 2, 3, 64, 3, 1, 2, 4]--1.255171893089042
[32, 8, 512, 2, 2, 3, 64, 3, 1, 2, 8]--1.117221187563967
[32, 8, 512, 2, 2, 3, 96, 1, 1, 1, 16]--1.1971946779416454
[32, 8, 512, 2, 2, 3, 96, 1, 1, 1, 24]--1.1971946779416454
[32, 8, 512, 2, 2, 3, 96, 1, 1, 1, 4]--1.3083756983943222
[32, 8, 512, 2, 2, 3, 96, 1, 1, 1, 8]--1.189367628059932
[32, 8, 512, 2, 2, 3, 96, 1, 2, 1, 16]--1.1971946779416454
[32, 8, 512, 2, 2, 3, 96, 1, 2, 1, 4]--1.3083756983943222
[32, 8, 512, 2, 2, 3, 96, 1, 2, 1, 8]--1.189367628059932
[32, 8, 512, 2, 2, 3, 96, 2, 1, 1, 16]--1.1753326286471704
[32, 8, 512, 2, 2, 3, 96, 2, 1, 1, 4]--1.294323920739585
[32, 8, 512, 2, 2, 3, 96, 2, 1, 1, 8]--1.1750390094125938
[32, 8, 512, 2, 2, 3, 96, 2, 2, 1, 16]--1.1753326286471704
[32, 8, 512, 2, 2, 3, 96, 2, 2, 1, 4]--1.294323920739585
[32, 8, 512, 2, 2, 3, 96, 2, 2, 1, 8]--1.1750390094125938
[32, 8, 512, 2, 2, 3, 96, 3, 1, 1, 16]--1.1554588010268285
[32, 8, 512, 2, 2, 3, 96, 3, 1, 1, 4]--1.2546769349507558
[32, 8, 512, 2, 2, 3, 96, 3, 1, 1, 8]--1.1574554118219493
[32, 8, 512, 2, 2, 3, 96, 1, 1, 2, 16]--1.1355765842854986
[32, 8, 512, 2, 2, 3, 96, 1, 1, 2, 4]--1.265205281790574
[32, 8, 512, 2, 2, 3, 96, 1, 1, 2, 8]--1.1344776094360833
[32, 8, 512, 2, 2, 3, 96, 1, 2, 2, 16]--1.1355765842854986
[32, 8, 512, 2, 2, 3, 96, 1, 2, 2, 4]--1.265205281790574
[32, 8, 512, 2, 2, 3, 96, 1, 2, 2, 8]--1.1344776094360833
[32, 8, 512, 2, 2, 3, 96, 2, 1, 2, 16]--1.1160634888676364
[32, 8, 512, 2, 2, 3, 96, 2, 1, 2, 4]--1.2348114964514019
[32, 8, 512, 2, 2, 3, 96, 2, 1, 2, 8]--1.119117128907233
[32, 8, 512, 2, 2, 3, 96, 2, 2, 2, 16]--1.1160634888676364
[32, 8, 512, 2, 2, 3, 96, 2, 2, 2, 4]--1.2348114964514019
[32, 8, 512, 2, 2, 3, 96, 2, 2, 2, 8]--1.119117128907233
[32, 8, 512, 2, 2, 3, 96, 3, 1, 2, 16]--1.1185047230751162
[32, 8, 512, 2, 2, 3, 96, 3, 1, 2, 4]--1.255171893089042
[32, 8, 512, 2, 2, 3, 96, 3, 1, 2, 8]--1.117221187563967
[32, 8, 512, 2, 6, 3, 96, 3, 1, 1, 16]--1.1322209358903375
[32, 8, 512, 2, 6, 4, 96, 4, 1, 1, 16]--1.1330095132632003
[32, 8, 512, 2, 8, 3, 128, 3, 1, 1, 8]--1.134855119880539
[32, 8, 512, 4, 2, 3, 128, 3, 1, 1, 16]--1.1330766262311036
[32, 8, 512, 4, 6, 3, 160, 3, 1, 1, 4]--1.2272445093203135
[32, 8, 512, 4, 6, 3, 32, 3, 1, 1, 16]--1.1224476099394305
[32, 8, 512, 4, 6, 4, 64, 4, 1, 1, 16]--1.11332863542558
[64, 16, 128, 2, 2, 5, 160, 1, 1, 1, 24]--1.2786949883391219
[64, 16, 128, 2, 2, 5, 32, 1, 1, 1, 24]--1.2748947165316018
[64, 2, 1024, 2, 2, 4, 32, 4, 2, 1, 8]--1.1655257462123119
[64, 2, 1024, 4, 4, 4, 64, 4, 1, 1, 16]--1.1423466049227362
[64, 2, 128, 2, 10, 2, 32, 1, 1, 2, 2]--2.1280515427593496
[64, 2, 128, 2, 10, 5, 32, 5, 2, 1, 24]--1.223746245868358
[64, 2, 128, 2, 4, 2, 64, 1, 1, 1, 24]--1.2792654485662993
[64, 2, 128, 4, 2, 4, 64, 4, 1, 2, 8]--1.1648713947752554
[64, 2, 2048, 2, 8, 5, 160, 3, 1, 2, 8]--1.112640727504572
[64, 2, 256, 16, 2, 2, 128, 1, 1, 2, 8]--1.1726732772940052
[64, 2, 256, 2, 10, 4, 64, 4, 1, 1, 24]--1.201120786563984
[64, 2, 256, 2, 10, 5, 32, 5, 1, 1, 24]--1.1870102850623312
[64, 2, 256, 4, 4, 4, 32, 4, 1, 1, 4]--1.6924296572205164
[64, 2, 256, 4, 4, 5, 64, 1, 2, 2, 16]--1.1441334876931595
[64, 2, 256, 8, 10, 5, 96, 2, 1, 1, 16]--1.1580426502911025
[64, 2, 256, 8, 2, 4, 128, 4, 1, 2, 8]--1.1217848693813863
[64, 2, 256, 8, 2, 5, 96, 3, 2, 1, 16]--1.148596500058724
[64, 2, 512, 2, 4, 2, 32, 2, 1, 1, 8]--1.1790238418818477
[64, 2, 512, 2, 4, 3, 32, 3, 1, 2, 4]--1.2582590896125905
[64, 2, 512, 4, 8, 5, 64, 1, 2, 2, 8]--1.1464740524487844
[64, 2, 512, 4, 8, 5, 96, 5, 1, 2, 24]--1.1096793677958423
[64, 2, 512, 8, 10, 1, 64, 1, 1, 1, 4]--1.250692102481502
[64, 4, 1024, 2, 10, 2, 64, 1, 1, 1, 24]--1.145484136172212
[64, 4, 1024, 2, 2, 3, 96, 1, 1, 2, 4]--1.247495847385111
[64, 4, 1024, 2, 2, 4, 160, 1, 1, 2, 8]--1.1153420244626768
[64, 4, 1024, 2, 8, 3, 128, 1, 1, 2, 8]--1.0984211674300768
[64, 4, 1024, 4, 8, 5, 128, 1, 1, 1, 24]--1.1354171909867283
[64, 4, 128, 16, 10, 4, 160, 4, 1, 1, 16]--1.1135719199342293
[64, 4, 128, 16, 2, 3, 160, 1, 1, 2, 4]--1.2488045502592238
[64, 4, 128, 16, 2, 3, 64, 1, 1, 2, 8]--1.1209627355245717
[64, 4, 128, 16, 2, 4, 128, 1, 1, 2, 4]--1.6841915404103958
[64, 4, 128, 16, 2, 4, 160, 1, 1, 2, 4]--1.6841915404103958
[64, 4, 128, 16, 4, 3, 128, 1, 1, 2, 4]--1.2327477726883778
[64, 4, 128, 16, 4, 3, 128, 1, 1, 2, 8]--1.1011979664770726
[64, 4, 128, 16, 8, 3, 64, 1, 1, 2, 4]--1.2338215801748293
[64, 4, 128, 2, 8, 5, 128, 5, 1, 1, 8]--1.240750994110837
[64, 4, 128, 4, 10, 2, 32, 2, 1, 1, 8]--1.1780003691213234
[64, 4, 128, 4, 10, 2, 32, 1, 1, 2, 8]--1.1713813526618682
[64, 4, 128, 4, 2, 3, 128, 3, 1, 1, 4]--1.2885605946208956
[64, 4, 128, 8, 2, 3, 128, 1, 1, 2, 4]--1.2552138386939817
[64, 4, 128, 8, 2, 3, 128, 1, 1, 2, 8]--1.1303501619100351
[64, 4, 128, 8, 2, 3, 128, 2, 1, 2, 4]--1.2253150114930957
[64, 4, 128, 8, 2, 3, 160, 1, 1, 2, 4]--1.2552138386939817
[64, 4, 128, 8, 2, 3, 160, 1, 1, 2, 8]--1.1303501619100351
[64, 4, 128, 8, 2, 3, 160, 2, 1, 2, 4]--1.2253150114930957
[64, 4, 128, 8, 2, 3, 160, 2, 1, 2, 8]--1.1153923591886041
[64, 4, 128, 8, 2, 3, 32, 3, 1, 1, 4]--1.256648378382913
[64, 4, 128, 8, 2, 3, 64, 1, 1, 2, 16]--1.134855119880539
[64, 4, 128, 8, 2, 3, 64, 1, 1, 2, 4]--1.2552138386939817
[64, 4, 128, 8, 2, 3, 64, 1, 1, 2, 8]--1.1303501619100351
[64, 4, 128, 8, 2, 3, 64, 2, 1, 2, 4]--1.2253150114930957
[64, 4, 128, 8, 2, 3, 96, 1, 1, 2, 4]--1.2552138386939817
[64, 4, 128, 8, 2, 3, 96, 1, 1, 2, 8]--1.1303501619100351
[64, 4, 128, 8, 2, 4, 128, 1, 1, 2, 4]--1.6951896780255364
[64, 4, 128, 8, 2, 4, 160, 1, 1, 2, 4]--1.6951896780255364
[64, 4, 128, 8, 2, 4, 96, 1, 1, 2, 4]--1.6951896780255364
[64, 4, 128, 8, 4, 3, 128, 1, 1, 2, 4]--1.2452643412023288
[64, 4, 128, 8, 4, 3, 128, 2, 1, 2, 4]--1.21269777352729
[64, 4, 128, 8, 4, 3, 128, 2, 1, 2, 8]--1.096231606852234
[64, 4, 128, 8, 4, 3, 160, 1, 1, 2, 4]--1.2452643412023288
[64, 4, 128, 8, 4, 3, 160, 1, 1, 2, 8]--1.111097129242798
[64, 4, 128, 8, 4, 3, 160, 2, 1, 2, 8]--1.096231606852234
[64, 4, 128, 8, 4, 3, 64, 1, 1, 2, 4]--1.2452643412023288
[64, 4, 128, 8, 4, 3, 96, 1, 1, 2, 4]--1.2452643412023288
[64, 4, 128, 8, 8, 3, 128, 1, 1, 2, 4]--1.2450546131776312
[64, 4, 128, 8, 8, 3, 128, 1, 1, 2, 8]--1.1086307276723546
[64, 4, 128, 8, 8, 3, 160, 1, 1, 2, 4]--1.2450546131776312
[64, 4, 256, 4, 2, 1, 160, 1, 1, 1, 16]--1.2533850103186188
[64, 4, 256, 4, 2, 1, 160, 1, 1, 1, 4]--1.2498196338987602
[64, 4, 256, 4, 2, 1, 160, 1, 1, 1, 8]--1.2533933994396067
[64, 4, 256, 4, 2, 1, 64, 1, 1, 1, 16]--1.2533850103186188
[64, 4, 256, 4, 2, 1, 64, 1, 1, 1, 4]--1.2498196338987602
[64, 4, 256, 4, 2, 1, 64, 1, 1, 1, 8]--1.2533933994396067
[64, 4, 256, 4, 2, 2, 160, 1, 1, 1, 16]--1.1755255784298921
[64, 4, 256, 4, 2, 2, 160, 1, 1, 1, 4]--1.241279508733075
[64, 4, 256, 4, 2, 2, 160, 1, 1, 1, 8]--1.1681179845975738
[64, 4, 256, 4, 2, 2, 160, 1, 2, 1, 16]--1.1755255784298921
[64, 4, 256, 4, 2, 2, 160, 1, 2, 1, 4]--1.241279508733075
[64, 4, 256, 4, 2, 2, 160, 1, 2, 1, 8]--1.1681179845975738
[64, 4, 256, 4, 2, 2, 160, 2, 1, 1, 16]--1.166901562054328
[64, 4, 256, 4, 2, 2, 160, 2, 1, 1, 4]--1.2325044881797285
[64, 4, 256, 4, 2, 2, 160, 2, 1, 1, 8]--1.1604671062566065
[64, 4, 256, 4, 2, 2, 160, 2, 2, 1, 16]--1.166901562054328
[64, 4, 256, 4, 2, 2, 160, 2, 2, 1, 4]--1.2325044881797285
[64, 4, 256, 4, 2, 2, 160, 2, 2, 1, 8]--1.1604671062566065
[64, 4, 256, 4, 2, 2, 160, 1, 1, 2, 16]--1.159485579101022
[64, 4, 256, 4, 2, 2, 160, 1, 1, 2, 4]--1.1855254106474724
[64, 4, 256, 4, 2, 2, 160, 1, 1, 2, 8]--1.1576315833626953
[64, 4, 256, 4, 2, 2, 160, 1, 2, 2, 16]--1.159485579101022
[64, 4, 256, 4, 2, 2, 160, 1, 2, 2, 4]--1.1855254106474724
[64, 4, 256, 4, 2, 2, 160, 1, 2, 2, 8]--1.1576315833626953
[64, 4, 256, 4, 2, 2, 160, 2, 1, 2, 16]--1.140047985772051
[64, 4, 256, 4, 2, 2, 160, 2, 1, 2, 4]--1.1988305565342863
[64, 4, 256, 4, 2, 2, 160, 2, 1, 2, 8]--1.1340665425076761
[64, 4, 256, 4, 2, 2, 160, 2, 2, 2, 16]--1.140047985772051
[64, 4, 256, 4, 2, 2, 160, 2, 2, 2, 4]--1.1988305565342863
[64, 4, 256, 4, 2, 2, 160, 2, 2, 2, 8]--1.1340665425076761
[64, 4, 256, 4, 2, 2, 64, 1, 1, 1, 16]--1.1755255784298921
[64, 4, 256, 4, 2, 2, 64, 1, 1, 1, 4]--1.241279508733075
[64, 4, 256, 4, 2, 2, 64, 1, 1, 1, 8]--1.1681179845975738
[64, 4, 256, 4, 2, 2, 64, 1, 2, 1, 16]--1.1755255784298921
[64, 4, 256, 4, 2, 2, 64, 1, 2, 1, 4]--1.241279508733075
[64, 4, 256, 4, 2, 2, 64, 1, 2, 1, 8]--1.1681179845975738
[64, 4, 256, 4, 2, 2, 64, 2, 1, 1, 16]--1.166901562054328
[64, 4, 256, 4, 2, 2, 64, 2, 1, 1, 4]--1.2325044881797285
[64, 4, 256, 4, 2, 2, 64, 2, 1, 1, 8]--1.1604671062566065
[64, 4, 256, 4, 2, 2, 64, 2, 2, 1, 16]--1.166901562054328
[64, 4, 256, 4, 2, 2, 64, 2, 2, 1, 4]--1.2325044881797285
[64, 4, 256, 4, 2, 2, 64, 2, 2, 1, 8]--1.1604671062566065
[64, 4, 256, 4, 2, 2, 64, 1, 1, 2, 16]--1.159485579101022
[64, 4, 256, 4, 2, 2, 64, 1, 1, 2, 4]--1.1855254106474724
[64, 4, 256, 4, 2, 2, 64, 1, 1, 2, 8]--1.1576315833626953
[64, 4, 256, 4, 2, 2, 64, 1, 2, 2, 16]--1.159485579101022
[64, 4, 256, 4, 2, 2, 64, 1, 2, 2, 4]--1.1855254106474724
[64, 4, 256, 4, 2, 2, 64, 1, 2, 2, 8]--1.1576315833626953
[64, 4, 256, 4, 2, 2, 64, 2, 1, 2, 16]--1.140047985772051
[64, 4, 256, 4, 2, 2, 64, 2, 1, 2, 4]--1.1988305565342863
[64, 4, 256, 4, 2, 2, 64, 2, 1, 2, 8]--1.1340665425076761
[64, 4, 256, 4, 2, 2, 64, 2, 2, 2, 16]--1.140047985772051
[64, 4, 256, 4, 2, 2, 64, 2, 2, 2, 4]--1.1988305565342863
[64, 4, 256, 4, 2, 2, 64, 2, 2, 2, 8]--1.1340665425076761
[64, 4, 256, 4, 2, 3, 128, 1, 1, 2, 16]--1.1314659150014261
[64, 4, 256, 4, 2, 3, 128, 1, 1, 2, 4]--1.259769131390413
[64, 4, 256, 4, 2, 3, 128, 1, 1, 2, 8]--1.1310380698310432
[64, 4, 256, 4, 2, 3, 128, 2, 1, 2, 4]--1.2306085468364625
[64, 4, 256, 4, 2, 3, 128, 2, 1, 2, 8]--1.1179342628479387
[64, 4, 256, 4, 2, 3, 160, 1, 1, 1, 16]--1.1920521467760608
[64, 4, 256, 4, 2, 3, 160, 1, 1, 1, 4]--1.2992735021224475
[64, 4, 256, 4, 2, 3, 160, 1, 1, 1, 8]--1.1865740507709601
[64, 4, 256, 4, 2, 3, 160, 1, 2, 1, 16]--1.1920521467760608
[64, 4, 256, 4, 2, 3, 160, 1, 2, 1, 4]--1.2992735021224475
[64, 4, 256, 4, 2, 3, 160, 1, 2, 1, 8]--1.1865740507709601
[64, 4, 256, 4, 2, 3, 160, 2, 1, 1, 16]--1.1756010805187833
[64, 4, 256, 4, 2, 3, 160, 2, 1, 1, 4]--1.2900203016727907
[64, 4, 256, 4, 2, 3, 160, 2, 1, 1, 8]--1.1770523984496903
[64, 4, 256, 4, 2, 3, 160, 2, 2, 1, 16]--1.1756010805187833
[64, 4, 256, 4, 2, 3, 160, 2, 2, 1, 4]--1.2900203016727907
[64, 4, 256, 4, 2, 3, 160, 2, 2, 1, 8]--1.1770523984496903
[64, 4, 256, 4, 2, 3, 160, 1, 1, 2, 16]--1.1314659150014261
[64, 4, 256, 4, 2, 3, 160, 1, 1, 2, 4]--1.259769131390413
[64, 4, 256, 4, 2, 3, 160, 1, 1, 2, 8]--1.1310380698310432
[64, 4, 256, 4, 2, 3, 160, 1, 2, 2, 16]--1.1314659150014261
[64, 4, 256, 4, 2, 3, 160, 1, 2, 2, 4]--1.259769131390413
[64, 4, 256, 4, 2, 3, 160, 1, 2, 2, 8]--1.1310380698310432
[64, 4, 256, 4, 2, 3, 160, 2, 1, 2, 16]--1.1156440328182413
[64, 4, 256, 4, 2, 3, 160, 2, 1, 2, 4]--1.2306085468364625
[64, 4, 256, 4, 2, 3, 160, 2, 1, 2, 8]--1.1179342628479387
[64, 4, 256, 4, 2, 3, 160, 2, 2, 2, 16]--1.1156440328182413
[64, 4, 256, 4, 2, 3, 160, 2, 2, 2, 4]--1.2306085468364625
[64, 4, 256, 4, 2, 3, 160, 2, 2, 2, 8]--1.1179342628479387
[64, 4, 256, 4, 2, 3, 64, 1, 1, 1, 16]--1.1920521467760608
[64, 4, 256, 4, 2, 3, 64, 1, 1, 1, 4]--1.2992735021224475
[64, 4, 256, 4, 2, 3, 64, 1, 1, 1, 8]--1.1865740507709601
[64, 4, 256, 4, 2, 3, 64, 1, 2, 1, 16]--1.1920521467760608
[64, 4, 256, 4, 2, 3, 64, 1, 2, 1, 4]--1.2992735021224475
[64, 4, 256, 4, 2, 3, 64, 1, 2, 1, 8]--1.1865740507709601
[64, 4, 256, 4, 2, 3, 64, 1, 3, 1, 16]--1.1920521467760608
[64, 4, 256, 4, 2, 3, 64, 1, 3, 1, 4]--1.2992735021224475
[64, 4, 256, 4, 2, 3, 64, 1, 3, 1, 8]--1.1865740507709601
[64, 4, 256, 4, 2, 3, 64, 2, 1, 1, 16]--1.1756010805187833
[64, 4, 256, 4, 2, 3, 64, 2, 1, 1, 4]--1.2900203016727907
[64, 4, 256, 4, 2, 3, 64, 2, 1, 1, 8]--1.1770523984496903
[64, 4, 256, 4, 2, 3, 64, 2, 2, 1, 16]--1.1756010805187833
[64, 4, 256, 4, 2, 3, 64, 2, 2, 1, 4]--1.2900203016727907
[64, 4, 256, 4, 2, 3, 64, 2, 2, 1, 8]--1.1770523984496903
[64, 4, 256, 4, 2, 3, 64, 3, 1, 1, 16]--1.1495696380933207
[64, 4, 256, 4, 2, 3, 64, 3, 1, 1, 4]--1.2535611818593648
[64, 4, 256, 4, 2, 3, 64, 3, 1, 1, 8]--1.1487810607204576
[64, 4, 256, 4, 2, 3, 64, 1, 1, 2, 16]--1.1314659150014261
[64, 4, 256, 4, 2, 3, 64, 1, 1, 2, 4]--1.259769131390413
[64, 4, 256, 4, 2, 3, 64, 1, 1, 2, 8]--1.1310380698310432
[64, 4, 256, 4, 2, 3, 64, 1, 2, 2, 16]--1.1314659150014261
[64, 4, 256, 4, 2, 3, 64, 1, 2, 2, 4]--1.259769131390413
[64, 4, 256, 4, 2, 3, 64, 1, 2, 2, 8]--1.1310380698310432
[64, 4, 256, 4, 2, 3, 64, 1, 3, 2, 16]--1.1314659150014261
[64, 4, 256, 4, 2, 3, 64, 1, 3, 2, 4]--1.259769131390413
[64, 4, 256, 4, 2, 3, 64, 1, 3, 2, 8]--1.1310380698310432
[64, 4, 256, 4, 2, 3, 64, 2, 1, 2, 16]--1.1156440328182413
[64, 4, 256, 4, 2, 3, 64, 2, 1, 2, 4]--1.2306085468364625
[64, 4, 256, 4, 2, 3, 64, 2, 1, 2, 8]--1.1179342628479387
[64, 4, 256, 4, 2, 3, 64, 2, 2, 2, 16]--1.1156440328182413
[64, 4, 256, 4, 2, 3, 64, 2, 2, 2, 4]--1.2306085468364625
[64, 4, 256, 4, 2, 3, 64, 2, 2, 2, 8]--1.1179342628479387
[64, 4, 256, 4, 2, 3, 64, 3, 1, 2, 16]--1.1121541584872736
[64, 4, 256, 4, 2, 3, 64, 3, 1, 2, 4]--1.2480579184913005
[64, 4, 256, 4, 2, 3, 64, 3, 1, 2, 8]--1.112045099914431
[64, 4, 256, 4, 2, 3, 96, 1, 3, 1, 16]--1.1920521467760608
[64, 4, 256, 4, 2, 3, 96, 1, 3, 1, 4]--1.2992735021224475
[64, 4, 256, 4, 2, 3, 96, 1, 3, 1, 8]--1.1865740507709601
[64, 4, 256, 4, 2, 3, 96, 3, 1, 1, 16]--1.1495696380933207
[64, 4, 256, 4, 2, 3, 96, 3, 1, 1, 4]--1.2535611818593648
[64, 4, 256, 4, 2, 3, 96, 3, 1, 1, 8]--1.1487810607204576
[64, 4, 256, 4, 2, 3, 96, 1, 1, 2, 4]--1.259769131390413
[64, 4, 256, 4, 2, 3, 96, 1, 1, 2, 8]--1.1310380698310432
[64, 4, 256, 4, 2, 3, 96, 1, 3, 2, 16]--1.1314659150014261
[64, 4, 256, 4, 2, 3, 96, 1, 3, 2, 4]--1.259769131390413
[64, 4, 256, 4, 2, 3, 96, 1, 3, 2, 8]--1.1310380698310432
[64, 4, 256, 4, 2, 3, 96, 2, 1, 2, 4]--1.2306085468364625
[64, 4, 256, 4, 2, 3, 96, 2, 1, 2, 8]--1.1179342628479387
[64, 4, 256, 4, 2, 3, 96, 3, 1, 2, 16]--1.1121541584872736
[64, 4, 256, 4, 2, 3, 96, 3, 1, 2, 4]--1.2480579184913005
[64, 4, 256, 4, 2, 3, 96, 3, 1, 2, 8]--1.112045099914431
[64, 4, 256, 4, 2, 4, 128, 1, 1, 2, 8]--1.1401486552239057
[64, 4, 256, 4, 2, 4, 128, 2, 1, 2, 8]--1.1180600996627574
[64, 4, 256, 4, 2, 4, 160, 2, 1, 2, 4]--1.6974463515712823
[64, 4, 256, 4, 2, 4, 96, 1, 1, 2, 4]--1.693075619536585
[64, 4, 256, 4, 2, 5, 128, 2, 1, 2, 8]--1.123521417425882
[64, 4, 256, 4, 2, 5, 160, 1, 1, 2, 8]--1.1454002449623328
[64, 4, 256, 4, 2, 5, 160, 2, 1, 2, 8]--1.123521417425882
[64, 4, 256, 4, 4, 3, 128, 1, 1, 2, 4]--1.2475713494740022
[64, 4, 256, 4, 4, 3, 128, 1, 1, 2, 8]--1.1107615644032818
[64, 4, 256, 4, 4, 3, 160, 1, 1, 2, 4]--1.2475713494740022
[64, 4, 256, 4, 4, 3, 160, 1, 1, 2, 8]--1.1107615644032818
[64, 4, 256, 4, 4, 3, 160, 2, 1, 2, 8]--1.1010469622992902
[64, 4, 256, 4, 4, 3, 64, 1, 1, 2, 4]--1.2475713494740022
[64, 4, 256, 4, 4, 3, 96, 1, 1, 2, 4]--1.2475713494740022
[64, 4, 256, 4, 4, 3, 96, 1, 1, 2, 8]--1.1107615644032818
[64, 4, 256, 4, 6, 2, 160, 2, 1, 1, 24]--1.142967399875841
[64, 4, 256, 4, 8, 4, 96, 2, 1, 2, 4]--1.6773963524101945
[64, 4, 256, 8, 10, 2, 160, 2, 2, 2, 2]--1.9854364859650007
[64, 4, 256, 8, 2, 3, 128, 1, 1, 2, 4]--1.2501384204963004
[64, 4, 256, 8, 2, 3, 160, 1, 1, 2, 4]--1.2501384204963004
[64, 4, 256, 8, 2, 3, 160, 1, 1, 2, 8]--1.1202832167245516
[64, 4, 256, 8, 4, 3, 64, 1, 1, 2, 4]--1.233427291488398
[64, 4, 256, 8, 8, 4, 128, 1, 1, 2, 4]--1.664997231590074
[64, 4, 512, 2, 2, 1, 64, 1, 1, 1, 16]--1.2557255750742438
[64, 4, 512, 2, 2, 1, 64, 1, 1, 1, 4]--1.2538548010939414
[64, 4, 512, 2, 2, 1, 64, 1, 1, 1, 8]--1.2557423533162195
[64, 4, 512, 2, 2, 1, 96, 1, 1, 1, 16]--1.2557255750742438
[64, 4, 512, 2, 2, 1, 96, 1, 1, 1, 4]--1.2538548010939414
[64, 4, 512, 2, 2, 1, 96, 1, 1, 1, 8]--1.2557423533162195
[64, 4, 512, 2, 2, 2, 64, 1, 1, 1, 16]--1.178981896276908
[64, 4, 512, 2, 2, 2, 64, 1, 1, 1, 4]--1.2465059311085385
[64, 4, 512, 2, 2, 2, 64, 1, 1, 1, 8]--1.1777654737336622
[64, 4, 512, 2, 2, 2, 64, 1, 2, 1, 16]--1.178981896276908
[64, 4, 512, 2, 2, 2, 64, 1, 2, 1, 4]--1.2465059311085385
[64, 4, 512, 2, 2, 2, 64, 1, 2, 1, 8]--1.1777654737336622
[64, 4, 512, 2, 2, 2, 64, 2, 1, 1, 16]--1.167916645693864
[64, 4, 512, 2, 2, 2, 64, 2, 1, 1, 4]--1.2349792788711598
[64, 4, 512, 2, 2, 2, 64, 2, 1, 1, 8]--1.169409909229711
[64, 4, 512, 2, 2, 2, 64, 2, 2, 1, 16]--1.167916645693864
[64, 4, 512, 2, 2, 2, 64, 2, 2, 1, 4]--1.2349792788711598
[64, 4, 512, 2, 2, 2, 64, 2, 2, 1, 8]--1.169409909229711
[64, 4, 512, 2, 2, 2, 64, 1, 1, 2, 16]--1.1610962903306992
[64, 4, 512, 2, 2, 2, 64, 1, 1, 2, 4]--1.1946024395563832
[64, 4, 512, 2, 2, 2, 64, 1, 1, 2, 8]--1.163688528715961
[64, 4, 512, 2, 2, 2, 64, 1, 2, 2, 16]--1.1610962903306992
[64, 4, 512, 2, 2, 2, 64, 1, 2, 2, 4]--1.1946024395563832
[64, 4, 512, 2, 2, 2, 64, 1, 2, 2, 8]--1.163688528715961
[64, 4, 512, 2, 2, 2, 64, 2, 1, 2, 16]--1.148747504236506
[64, 4, 512, 2, 2, 2, 64, 2, 1, 2, 4]--1.202924447576383
[64, 4, 512, 2, 2, 2, 64, 2, 1, 2, 8]--1.1449136759450345
[64, 4, 512, 2, 2, 2, 64, 2, 2, 2, 16]--1.148747504236506
[64, 4, 512, 2, 2, 2, 64, 2, 2, 2, 4]--1.202924447576383
[64, 4, 512, 2, 2, 2, 64, 2, 2, 2, 8]--1.1449136759450345
[64, 4, 512, 2, 2, 2, 96, 1, 1, 1, 16]--1.178981896276908
[64, 4, 512, 2, 2, 2, 96, 1, 1, 1, 4]--1.2465059311085385
[64, 4, 512, 2, 2, 2, 96, 1, 1, 1, 8]--1.1777654737336622
[64, 4, 512, 2, 2, 2, 96, 1, 2, 1, 16]--1.178981896276908
[64, 4, 512, 2, 2, 2, 96, 1, 2, 1, 4]--1.2465059311085385
[64, 4, 512, 2, 2, 2, 96, 1, 2, 1, 8]--1.1777654737336622
[64, 4, 512, 2, 2, 2, 96, 2, 1, 1, 16]--1.167916645693864
[64, 4, 512, 2, 2, 2, 96, 2, 1, 1, 4]--1.2349792788711598
[64, 4, 512, 2, 2, 2, 96, 2, 1, 1, 8]--1.169409909229711
[64, 4, 512, 2, 2, 2, 96, 2, 2, 1, 16]--1.167916645693864
[64, 4, 512, 2, 2, 2, 96, 2, 2, 1, 4]--1.2349792788711598
[64, 4, 512, 2, 2, 2, 96, 2, 2, 1, 8]--1.169409909229711
[64, 4, 512, 2, 2, 2, 96, 1, 1, 2, 16]--1.1610962903306992
[64, 4, 512, 2, 2, 2, 96, 1, 1, 2, 4]--1.1946024395563832
[64, 4, 512, 2, 2, 2, 96, 1, 1, 2, 8]--1.163688528715961
[64, 4, 512, 2, 2, 2, 96, 1, 2, 2, 16]--1.1610962903306992
[64, 4, 512, 2, 2, 2, 96, 1, 2, 2, 4]--1.1946024395563832
[64, 4, 512, 2, 2, 2, 96, 1, 2, 2, 8]--1.163688528715961
[64, 4, 512, 2, 2, 2, 96, 2, 1, 2, 16]--1.148747504236506
[64, 4, 512, 2, 2, 2, 96, 2, 1, 2, 4]--1.202924447576383
[64, 4, 512, 2, 2, 2, 96, 2, 1, 2, 8]--1.1449136759450345
[64, 4, 512, 2, 2, 2, 96, 2, 2, 2, 16]--1.148747504236506
[64, 4, 512, 2, 2, 2, 96, 2, 2, 2, 4]--1.202924447576383
[64, 4, 512, 2, 2, 2, 96, 2, 2, 2, 8]--1.1449136759450345
[64, 4, 512, 2, 2, 3, 128, 1, 1, 2, 4]--1.2738209090451502
[64, 4, 512, 2, 2, 3, 128, 1, 1, 2, 8]--1.135551416922535
[64, 4, 512, 2, 2, 3, 160, 1, 1, 2, 4]--1.2738209090451502
[64, 4, 512, 2, 2, 3, 160, 1, 1, 2, 8]--1.135551416922535
[64, 4, 512, 2, 2, 3, 160, 2, 1, 2, 4]--1.23825942517743
[64, 4, 512, 2, 2, 3, 64, 1, 1, 1, 16]--1.2027566651566248
[64, 4, 512, 2, 2, 3, 64, 1, 1, 1, 4]--1.3063958658411772
[64, 4, 512, 2, 2, 3, 64, 1, 1, 1, 8]--1.1918424187513632
[64, 4, 512, 2, 2, 3, 64, 1, 2, 1, 16]--1.2027566651566248
[64, 4, 512, 2, 2, 3, 64, 1, 2, 1, 4]--1.3063958658411772
[64, 4, 512, 2, 2, 3, 64, 1, 2, 1, 8]--1.1918424187513632
[64, 4, 512, 2, 2, 3, 64, 2, 1, 1, 16]--1.1765238838274525
[64, 4, 512, 2, 2, 3, 64, 2, 1, 1, 4]--1.2915051760876495
[64, 4, 512, 2, 2, 3, 64, 2, 1, 1, 8]--1.1753494068891461
[64, 4, 512, 2, 2, 3, 64, 2, 2, 1, 16]--1.1765238838274525
[64, 4, 512, 2, 2, 3, 64, 2, 2, 1, 4]--1.2915051760876495
[64, 4, 512, 2, 2, 3, 64, 2, 2, 1, 8]--1.1753494068891461
[64, 4, 512, 2, 2, 3, 64, 3, 1, 1, 16]--1.1561634871898123
[64, 4, 512, 2, 2, 3, 64, 3, 1, 1, 4]--1.2640224157312796
[64, 4, 512, 2, 2, 3, 64, 3, 1, 1, 8]--1.157925202597272
[64, 4, 512, 2, 2, 3, 64, 1, 1, 2, 16]--1.1402241573127967
[64, 4, 512, 2, 2, 3, 64, 1, 1, 2, 4]--1.2738209090451502
[64, 4, 512, 2, 2, 3, 64, 1, 1, 2, 8]--1.135551416922535
[64, 4, 512, 2, 2, 3, 64, 1, 2, 2, 16]--1.1402241573127967
[64, 4, 512, 2, 2, 3, 64, 1, 2, 2, 4]--1.2738209090451502
[64, 4, 512, 2, 2, 3, 64, 1, 2, 2, 8]--1.135551416922535
[64, 4, 512, 2, 2, 3, 64, 2, 1, 2, 16]--1.1187899531887049
[64, 4, 512, 2, 2, 3, 64, 2, 1, 2, 4]--1.23825942517743
[64, 4, 512, 2, 2, 3, 64, 2, 1, 2, 8]--1.120677505410983
[64, 4, 512, 2, 2, 3, 64, 2, 2, 2, 16]--1.1187899531887049
[64, 4, 512, 2, 2, 3, 64, 2, 2, 2, 4]--1.23825942517743
[64, 4, 512, 2, 2, 3, 64, 2, 2, 2, 8]--1.120677505410983
[64, 4, 512, 2, 2, 3, 64, 3, 1, 2, 16]--1.1260968775691682
[64, 4, 512, 2, 2, 3, 64, 3, 1, 2, 4]--1.2491233368567642
[64, 4, 512, 2, 2, 3, 64, 3, 1, 2, 8]--1.1239073169913256
[64, 4, 512, 2, 2, 3, 96, 1, 1, 1, 16]--1.2027566651566248
[64, 4, 512, 2, 2, 3, 96, 1, 1, 1, 4]--1.3063958658411772
[64, 4, 512, 2, 2, 3, 96, 1, 1, 1, 8]--1.1918424187513632
[64, 4, 512, 2, 2, 3, 96, 1, 2, 1, 16]--1.2027566651566248
[64, 4, 512, 2, 2, 3, 96, 1, 2, 1, 4]--1.3063958658411772
[64, 4, 512, 2, 2, 3, 96, 1, 2, 1, 8]--1.1918424187513632
[64, 4, 512, 2, 2, 3, 96, 2, 1, 1, 16]--1.1765238838274525
[64, 4, 512, 2, 2, 3, 96, 2, 1, 1, 4]--1.2915051760876495
[64, 4, 512, 2, 2, 3, 96, 2, 1, 1, 8]--1.1753494068891461
[64, 4, 512, 2, 2, 3, 96, 2, 2, 1, 16]--1.1765238838274525
[64, 4, 512, 2, 2, 3, 96, 2, 2, 1, 4]--1.2915051760876495
[64, 4, 512, 2, 2, 3, 96, 2, 2, 1, 8]--1.1753494068891461
[64, 4, 512, 2, 2, 3, 96, 3, 1, 1, 16]--1.1561634871898123
[64, 4, 512, 2, 2, 3, 96, 3, 1, 1, 4]--1.2640224157312796
[64, 4, 512, 2, 2, 3, 96, 3, 1, 1, 8]--1.157925202597272
[64, 4, 512, 2, 2, 3, 96, 1, 1, 2, 16]--1.1402241573127967
[64, 4, 512, 2, 2, 3, 96, 1, 1, 2, 4]--1.2738209090451502
[64, 4, 512, 2, 2, 3, 96, 1, 1, 2, 8]--1.135551416922535
[64, 4, 512, 2, 2, 3, 96, 1, 2, 2, 16]--1.1402241573127967
[64, 4, 512, 2, 2, 3, 96, 1, 2, 2, 4]--1.2738209090451502
[64, 4, 512, 2, 2, 3, 96, 1, 2, 2, 8]--1.135551416922535
[64, 4, 512, 2, 2, 3, 96, 2, 1, 2, 16]--1.1187899531887049
[64, 4, 512, 2, 2, 3, 96, 2, 1, 2, 4]--1.23825942517743
[64, 4, 512, 2, 2, 3, 96, 2, 1, 2, 8]--1.120677505410983
[64, 4, 512, 2, 2, 3, 96, 2, 2, 2, 16]--1.1187899531887049
[64, 4, 512, 2, 2, 3, 96, 2, 2, 2, 4]--1.23825942517743
[64, 4, 512, 2, 2, 3, 96, 2, 2, 2, 8]--1.120677505410983
[64, 4, 512, 2, 2, 3, 96, 3, 1, 2, 16]--1.1260968775691682
[64, 4, 512, 2, 2, 3, 96, 3, 1, 2, 4]--1.2491233368567642
[64, 4, 512, 2, 2, 3, 96, 3, 1, 2, 8]--1.1239073169913256
[64, 4, 512, 2, 2, 4, 128, 1, 1, 2, 16]--1.1459790943104982
[64, 4, 512, 2, 2, 4, 96, 1, 1, 2, 8]--1.1469102867401553
[64, 4, 512, 2, 2, 4, 96, 2, 1, 2, 8]--1.128982735189007
[64, 4, 512, 2, 4, 3, 128, 1, 1, 2, 4]--1.252327981074143
[64, 4, 512, 2, 4, 3, 128, 1, 1, 2, 8]--1.1156859784231807
[64, 4, 512, 2, 4, 3, 128, 2, 1, 2, 4]--1.2150467274039025
[64, 4, 512, 2, 4, 3, 160, 1, 1, 2, 4]--1.252327981074143
[64, 4, 512, 2, 4, 3, 160, 1, 1, 2, 8]--1.1156859784231807
[64, 4, 512, 2, 4, 3, 160, 2, 1, 2, 4]--1.2150467274039025
[64, 4, 512, 2, 4, 3, 64, 2, 1, 2, 8]--1.1035133638697336
[64, 4, 512, 2, 4, 3, 96, 1, 1, 2, 4]--1.252327981074143
[64, 4, 512, 2, 4, 3, 96, 2, 1, 2, 16]--1.1083790540427174
[64, 4, 512, 2, 4, 3, 96, 2, 1, 2, 8]--1.1035133638697336
[64, 4, 512, 2, 4, 4, 128, 1, 1, 2, 16]--1.1214241371789064
[64, 4, 512, 2, 4, 4, 128, 1, 1, 2, 8]--1.1346621700978172
[64, 4, 512, 2, 4, 5, 64, 2, 1, 2, 8]--1.109192798778544
[64, 4, 512, 2, 8, 3, 128, 1, 1, 2, 16]--1.1211389070653177
[64, 4, 512, 2, 8, 3, 128, 1, 1, 2, 8]--1.1227747856579589
[64, 4, 512, 2, 8, 3, 160, 1, 1, 2, 4]--1.2464891528665627
[64, 4, 512, 2, 8, 3, 160, 1, 1, 2, 8]--1.1227747856579589
[64, 4, 512, 2, 8, 3, 96, 1, 1, 2, 16]--1.1211389070653177
[64, 4, 512, 2, 8, 3, 96, 1, 1, 2, 8]--1.1227747856579589
[64, 4, 512, 2, 8, 3, 96, 2, 1, 2, 16]--1.103144242546266
[64, 4, 512, 2, 8, 4, 128, 1, 1, 2, 8]--1.1275817519840272
[64, 4, 512, 4, 2, 3, 128, 1, 1, 2, 4]--1.2530074998741632
[64, 4, 512, 4, 2, 3, 160, 1, 1, 2, 4]--1.2530074998741632
[64, 4, 512, 4, 2, 3, 96, 1, 1, 2, 4]--1.2530074998741632
[64, 4, 512, 4, 2, 3, 96, 1, 1, 2, 8]--1.1164326101911042
[64, 4, 512, 4, 2, 4, 128, 1, 1, 2, 4]--1.6837720843610007
[64, 4, 512, 4, 2, 4, 160, 1, 1, 2, 4]--1.6837720843610007
[64, 4, 512, 4, 2, 4, 160, 1, 1, 2, 8]--1.1247126726061643
[64, 4, 512, 4, 4, 3, 160, 1, 1, 2, 8]--1.1020284894548749
[64, 4, 512, 4, 8, 3, 160, 1, 1, 2, 4]--1.2346604922736195
[64, 4, 512, 4, 8, 3, 64, 1, 1, 2, 4]--1.2346604922736195
[64, 4, 512, 8, 2, 1, 64, 1, 1, 1, 16]--1.237386956594688
[64, 4, 512, 8, 2, 1, 64, 1, 1, 1, 4]--1.2359272495427929
[64, 4, 512, 8, 2, 1, 64, 1, 1, 1, 8]--1.2373953457156759
[64, 4, 512, 8, 2, 1, 96, 1, 1, 1, 16]--1.237386956594688
[64, 4, 512, 8, 2, 1, 96, 1, 1, 1, 4]--1.2359272495427929
[64, 4, 512, 8, 2, 1, 96, 1, 1, 1, 8]--1.2373953457156759
[64, 4, 512, 8, 2, 2, 64, 1, 1, 1, 16]--1.1605174409825338
[64, 4, 512, 8, 2, 2, 64, 1, 1, 1, 4]--1.2222278149695476
[64, 4, 512, 8, 2, 2, 64, 1, 1, 1, 8]--1.1565493867552559
[64, 4, 512, 8, 2, 2, 64, 1, 2, 1, 16]--1.1605174409825338
[64, 4, 512, 8, 2, 2, 64, 1, 2, 1, 4]--1.2222278149695476
[64, 4, 512, 8, 2, 2, 64, 1, 2, 1, 8]--1.1565493867552559
[64, 4, 512, 8, 2, 2, 64, 2, 1, 1, 16]--1.1513816882267076
[64, 4, 512, 8, 2, 2, 64, 2, 1, 1, 4]--1.2188637774533984
[64, 4, 512, 8, 2, 2, 64, 2, 1, 1, 8]--1.1466166675055787
[64, 4, 512, 8, 2, 2, 64, 2, 2, 1, 16]--1.1513816882267076
[64, 4, 512, 8, 2, 2, 64, 2, 2, 1, 4]--1.2188637774533984
[64, 4, 512, 8, 2, 2, 64, 2, 2, 1, 8]--1.1466166675055787
[64, 4, 512, 8, 2, 2, 64, 1, 1, 2, 16]--1.1376319189275348
[64, 4, 512, 8, 2, 2, 64, 1, 1, 2, 4]--1.1700307041828157
[64, 4, 512, 8, 2, 2, 64, 1, 1, 2, 8]--1.13977114477945
[64, 4, 512, 8, 2, 2, 64, 1, 2, 2, 16]--1.1376319189275348
[64, 4, 512, 8, 2, 2, 64, 1, 2, 2, 4]--1.1700307041828157
[64, 4, 512, 8, 2, 2, 64, 1, 2, 2, 8]--1.13977114477945
[64, 4, 512, 8, 2, 2, 64, 2, 1, 2, 16]--1.1247797855740675
[64, 4, 512, 8, 2, 2, 64, 2, 1, 2, 4]--1.1781933189040452
[64, 4, 512, 8, 2, 2, 64, 2, 1, 2, 8]--1.121633865203604
[64, 4, 512, 8, 2, 2, 64, 2, 2, 2, 16]--1.1247797855740675
[64, 4, 512, 8, 2, 2, 64, 2, 2, 2, 4]--1.1781933189040452
[64, 4, 512, 8, 2, 2, 64, 2, 2, 2, 8]--1.121633865203604
[64, 4, 512, 8, 2, 2, 96, 1, 1, 1, 16]--1.1605174409825338
[64, 4, 512, 8, 2, 2, 96, 1, 1, 1, 4]--1.2222278149695476
[64, 4, 512, 8, 2, 2, 96, 1, 1, 1, 8]--1.1565493867552559
[64, 4, 512, 8, 2, 2, 96, 1, 2, 1, 16]--1.1605174409825338
[64, 4, 512, 8, 2, 2, 96, 1, 2, 1, 4]--1.2222278149695476
[64, 4, 512, 8, 2, 2, 96, 1, 2, 1, 8]--1.1565493867552559
[64, 4, 512, 8, 2, 2, 96, 2, 1, 1, 16]--1.1513816882267076
[64, 4, 512, 8, 2, 2, 96, 2, 1, 1, 4]--1.2188637774533984
[64, 4, 512, 8, 2, 2, 96, 2, 1, 1, 8]--1.1466166675055787
[64, 4, 512, 8, 2, 2, 96, 2, 2, 1, 16]--1.1513816882267076
[64, 4, 512, 8, 2, 2, 96, 2, 2, 1, 4]--1.2188637774533984
[64, 4, 512, 8, 2, 2, 96, 2, 2, 1, 8]--1.1466166675055787
[64, 4, 512, 8, 2, 2, 96, 1, 1, 2, 16]--1.1376319189275348
[64, 4, 512, 8, 2, 2, 96, 1, 1, 2, 4]--1.1700307041828157
[64, 4, 512, 8, 2, 2, 96, 1, 1, 2, 8]--1.13977114477945
[64, 4, 512, 8, 2, 2, 96, 1, 2, 2, 16]--1.1376319189275348
[64, 4, 512, 8, 2, 2, 96, 1, 2, 2, 4]--1.1700307041828157
[64, 4, 512, 8, 2, 2, 96, 1, 2, 2, 8]--1.13977114477945
[64, 4, 512, 8, 2, 2, 96, 2, 1, 2, 16]--1.1247797855740675
[64, 4, 512, 8, 2, 2, 96, 2, 1, 2, 4]--1.1781933189040452
[64, 4, 512, 8, 2, 2, 96, 2, 1, 2, 8]--1.121633865203604
[64, 4, 512, 8, 2, 2, 96, 2, 2, 2, 16]--1.1247797855740675
[64, 4, 512, 8, 2, 2, 96, 2, 2, 2, 4]--1.1781933189040452
[64, 4, 512, 8, 2, 2, 96, 2, 2, 2, 8]--1.121633865203604
[64, 4, 512, 8, 2, 3, 64, 1, 1, 1, 16]--1.1741665408298518
[64, 4, 512, 8, 2, 3, 64, 1, 1, 1, 4]--1.2876210130702506
[64, 4, 512, 8, 2, 3, 64, 1, 1, 1, 8]--1.1734031308199526
[64, 4, 512, 8, 2, 3, 64, 1, 2, 1, 16]--1.1741665408298518
[64, 4, 512, 8, 2, 3, 64, 1, 2, 1, 4]--1.2876210130702506
[64, 4, 512, 8, 2, 3, 64, 1, 2, 1, 8]--1.1734031308199526
[64, 4, 512, 8, 2, 3, 64, 2, 1, 1, 16]--1.1563480478515462
[64, 4, 512, 8, 2, 3, 64, 2, 1, 1, 4]--1.2675877921511385
[64, 4, 512, 8, 2, 3, 64, 2, 1, 1, 8]--1.1571869599503364
[64, 4, 512, 8, 2, 3, 64, 2, 2, 1, 16]--1.1563480478515462
[64, 4, 512, 8, 2, 3, 64, 2, 2, 1, 4]--1.2675877921511385
[64, 4, 512, 8, 2, 3, 64, 2, 2, 1, 8]--1.1571869599503364
[64, 4, 512, 8, 2, 3, 64, 3, 1, 1, 16]--1.127422358685257
[64, 4, 512, 8, 2, 3, 64, 3, 1, 1, 4]--1.2396771866243854
[64, 4, 512, 8, 2, 3, 64, 3, 1, 1, 8]--1.128202546937132
[64, 4, 512, 8, 2, 3, 64, 1, 1, 2, 16]--1.1155433633663865
[64, 4, 512, 8, 2, 3, 64, 1, 1, 2, 4]--1.2498531903827117
[64, 4, 512, 8, 2, 3, 64, 1, 1, 2, 8]--1.1114830288082416
[64, 4, 512, 8, 2, 3, 64, 1, 2, 2, 16]--1.1155433633663865
[64, 4, 512, 8, 2, 3, 64, 1, 2, 2, 4]--1.2498531903827117
[64, 4, 512, 8, 2, 3, 64, 1, 2, 2, 8]--1.1114830288082416
[64, 4, 512, 8, 2, 3, 64, 2, 1, 2, 16]--1.1002080502005
[64, 4, 512, 8, 2, 3, 64, 2, 1, 2, 4]--1.2142162044261002
[64, 4, 512, 8, 2, 3, 64, 2, 1, 2, 8]--1.0984882803979799
[64, 4, 512, 8, 2, 3, 64, 2, 2, 2, 16]--1.1002080502005
[64, 4, 512, 8, 2, 3, 64, 2, 2, 2, 4]--1.2142162044261002
[64, 4, 512, 8, 2, 3, 64, 2, 2, 2, 8]--1.0984882803979799
[64, 4, 512, 8, 2, 3, 64, 3, 1, 2, 16]--1.0923054982298954
[64, 4, 512, 8, 2, 3, 64, 3, 1, 2, 4]--1.2295934631969263
[64, 4, 512, 8, 2, 3, 64, 3, 1, 2, 8]--1.0926158957064478
[64, 4, 512, 8, 2, 3, 96, 1, 1, 1, 16]--1.1741665408298518
[64, 4, 512, 8, 2, 3, 96, 1, 1, 1, 4]--1.2876210130702506
[64, 4, 512, 8, 2, 3, 96, 1, 1, 1, 8]--1.1734031308199526
[64, 4, 512, 8, 2, 3, 96, 1, 2, 1, 16]--1.1741665408298518
[64, 4, 512, 8, 2, 3, 96, 1, 2, 1, 4]--1.2876210130702506
[64, 4, 512, 8, 2, 3, 96, 1, 2, 1, 8]--1.1734031308199526
[64, 4, 512, 8, 2, 3, 96, 2, 1, 1, 16]--1.1563480478515462
[64, 4, 512, 8, 2, 3, 96, 2, 1, 1, 4]--1.2675877921511385
[64, 4, 512, 8, 2, 3, 96, 2, 1, 1, 8]--1.1571869599503364
[64, 4, 512, 8, 2, 3, 96, 2, 2, 1, 16]--1.1563480478515462
[64, 4, 512, 8, 2, 3, 96, 2, 2, 1, 4]--1.2675877921511385
[64, 4, 512, 8, 2, 3, 96, 2, 2, 1, 8]--1.1571869599503364
[64, 4, 512, 8, 2, 3, 96, 3, 1, 1, 16]--1.127422358685257
[64, 4, 512, 8, 2, 3, 96, 3, 1, 1, 4]--1.2396771866243854
[64, 4, 512, 8, 2, 3, 96, 3, 1, 1, 8]--1.128202546937132
[64, 4, 512, 8, 2, 3, 96, 1, 1, 2, 16]--1.1155433633663865
[64, 4, 512, 8, 2, 3, 96, 1, 1, 2, 4]--1.2498531903827117
[64, 4, 512, 8, 2, 3, 96, 1, 1, 2, 8]--1.1114830288082416
[64, 4, 512, 8, 2, 3, 96, 1, 2, 2, 16]--1.1155433633663865
[64, 4, 512, 8, 2, 3, 96, 1, 2, 2, 4]--1.2498531903827117
[64, 4, 512, 8, 2, 3, 96, 1, 2, 2, 8]--1.1114830288082416
[64, 4, 512, 8, 2, 3, 96, 2, 1, 2, 16]--1.1002080502005
[64, 4, 512, 8, 2, 3, 96, 2, 1, 2, 4]--1.2142162044261002
[64, 4, 512, 8, 2, 3, 96, 2, 1, 2, 8]--1.0984882803979799
[64, 4, 512, 8, 2, 3, 96, 2, 2, 2, 16]--1.1002080502005
[64, 4, 512, 8, 2, 3, 96, 2, 2, 2, 4]--1.2142162044261002
[64, 4, 512, 8, 2, 3, 96, 2, 2, 2, 8]--1.0984882803979799
[64, 4, 512, 8, 2, 3, 96, 3, 1, 2, 16]--1.0923054982298954
[64, 4, 512, 8, 2, 3, 96, 3, 1, 2, 4]--1.2295934631969263
[64, 4, 512, 8, 2, 3, 96, 3, 1, 2, 8]--1.0926158957064478
[64, 8, 1024, 4, 2, 3, 128, 2, 1, 2, 16]--1.0626163990537072
[64, 8, 1024, 4, 2, 3, 128, 2, 1, 2, 8]--1.0615258133252798
[64, 8, 1024, 4, 2, 3, 160, 2, 1, 2, 8]--1.0615258133252798
[64, 8, 1024, 4, 2, 4, 128, 2, 1, 2, 8]--1.0688914615526586
[64, 8, 1024, 4, 2, 4, 160, 2, 1, 2, 16]--1.065661649972316
[64, 8, 1024, 4, 2, 4, 160, 2, 1, 2, 24]--1.065661649972316
[64, 8, 1024, 4, 2, 4, 160, 2, 1, 2, 8]--1.0688914615526586
[64, 8, 1024, 4, 2, 5, 128, 2, 1, 2, 8]--1.0661314407476385
[64, 8, 1024, 4, 2, 5, 160, 2, 1, 2, 16]--1.063681817419171
[64, 8, 1024, 4, 2, 5, 160, 2, 1, 2, 24]--1.063681817419171
[64, 8, 1024, 4, 2, 5, 160, 2, 1, 2, 8]--1.0661314407476385
[64, 8, 1024, 4, 4, 3, 128, 2, 1, 2, 8]--1.0471888055569538
[64, 8, 128, 16, 2, 4, 128, 2, 1, 2, 8]--1.077918155735642
[64, 8, 128, 2, 2, 3, 160, 3, 1, 1, 4]--1.369817620509723
[64, 8, 128, 2, 8, 5, 96, 3, 2, 2, 8]--1.2007264978775525
[64, 8, 128, 4, 4, 5, 32, 5, 1, 2, 8]--1.1093270247143505
[64, 8, 128, 4, 8, 3, 64, 2, 1, 2, 8]--1.1060972131340079
[64, 8, 128, 8, 10, 5, 32, 4, 1, 1, 16]--1.0726162312712875
[64, 8, 128, 8, 10, 5, 64, 1, 2, 1, 8]--1.1154343047935438
[64, 8, 2048, 2, 2, 4, 128, 2, 1, 1, 8]--1.1258200365765676
[64, 8, 2048, 2, 2, 4, 128, 2, 1, 2, 16]--1.0660978842636868
[64, 8, 2048, 2, 2, 4, 128, 2, 1, 2, 24]--1.0660978842636868
[64, 8, 2048, 2, 2, 4, 128, 2, 1, 2, 8]--1.0688746833106828
[64, 8, 2048, 2, 2, 4, 160, 2, 1, 2, 16]--1.0660978842636868
[64, 8, 2048, 2, 2, 4, 160, 2, 1, 2, 24]--1.0660978842636868
[64, 8, 2048, 2, 2, 4, 160, 2, 1, 2, 8]--1.0688746833106828
[64, 8, 2048, 2, 2, 5, 128, 2, 1, 2, 16]--1.065133135350078
[64, 8, 2048, 2, 2, 5, 128, 2, 1, 2, 24]--1.065133135350078
[64, 8, 2048, 2, 2, 5, 128, 2, 1, 2, 8]--1.065032465898223
[64, 8, 2048, 2, 2, 5, 160, 2, 1, 2, 16]--1.065133135350078
[64, 8, 2048, 2, 2, 5, 160, 2, 1, 2, 24]--1.065133135350078
[64, 8, 2048, 2, 2, 5, 160, 2, 1, 2, 8]--1.065032465898223
[64, 8, 2048, 2, 4, 4, 128, 2, 1, 2, 8]--1.058648344826429
[64, 8, 256, 16, 4, 4, 128, 4, 2, 1, 4]--1.6011895773560847
[64, 8, 256, 16, 8, 3, 128, 1, 2, 1, 24]--1.1097632590057214
[64, 8, 256, 8, 2, 4, 32, 3, 1, 1, 24]--1.0817687622690895
[64, 8, 512, 2, 10, 5, 160, 2, 1, 2, 8]--1.0859884901260046
[64, 8, 512, 4, 10, 2, 160, 2, 1, 1, 2]--1.967961946947199
[64, 8, 512, 8, 2, 2, 96, 2, 1, 2, 8]--1.0902921091927988
[16, 8, 128, 4, 2, 3, 32, 3, 1, 2, 4]--1.3063119746312981
[32, 16, 256, 2, 2, 2, 128, 2, 1, 2, 16]--1.1895018539957383
[64, 8, 128, 2, 2, 5, 160, 1, 1, 1, 24]--1.2919581886209963
